source target w
0 18 1
0 50 1
0 95 1
0 196 1
0 204 1
0 321 1
0 429 1
0 525 1
1 48 1
1 75 1
1 104 1
1 119 1
1 120 1
1 124 1
1 157 1
1 163 1
1 165 1
1 197 1
1 274 1
2 22 1
2 43 1
2 57 1
2 131 1
2 163 1
2 482 1
3 1 1
3 46 1
3 47 1
3 62 1
3 71 1
3 101 1
3 142 1
3 146 1
3 209 1
3 571 1
4 12 1
4 22 1
4 40 1
4 53 1
4 64 1
4 72 1
4 82 1
4 91 1
4 128 1
4 172 1
5 19 1
5 31 1
5 43 1
5 45 1
5 47 1
5 64 1
5 72 1
5 108 1
5 140 1
5 174 1
5 233 2
6 102 1
6 115 1
6 125 1
6 146 2
6 147 1
6 150 1
6 162 1
6 277 1
7 17 1
7 21 1
7 42 1
7 50 2
7 56 2
7 75 2
7 86 1
7 151 1
8 35 1
8 100 1
8 135 1
8 136 2
8 168 1
8 172 1
8 178 1
8 190 1
8 593 1
9 26 1
9 41 2
9 68 1
9 96 1
9 121 2
9 135 1
9 138 1
9 156 1
9 171 1
10 1 1
10 39 1
10 74 5
10 86 1
10 91 1
10 185 1
10 189 2
10 419 2
10 494 3
11 16 1
11 17 3
11 110 1
11 169 1
11 181 1
11 206 1
12 107 1
12 155 1
12 596 1
13 17 2
13 94 1
13 98 1
13 154 1
13 190 1
14 63 1
14 72 1
14 73 1
14 76 1
14 78 1
14 122 1
14 127 4
14 157 1
14 158 1
14 175 1
15 103 1
15 120 1
15 144 1
15 151 1
15 159 1
15 425 1
16 11 1
16 28 1
16 45 1
16 76 1
16 125 1
16 142 1
16 149 1
16 162 1
16 169 1
16 333 1
16 498 1
17 7 1
17 11 1
17 13 2
17 78 1
17 80 1
17 97 1
17 112 1
17 135 1
17 199 1
17 217 1
17 463 1
17 499 1
18 4 1
18 50 1
18 67 1
18 70 3
18 73 1
18 196 1
18 422 1
18 434 1
19 5 1
19 32 2
19 86 1
19 98 2
19 128 2
19 137 2
19 151 1
19 157 1
19 182 1
19 185 1
19 264 1
19 438 1
20 25 1
20 128 1
20 129 1
20 159 1
20 162 1
20 199 1
20 241 1
21 7 2
21 23 1
21 36 1
21 155 1
21 166 1
21 292 1
21 330 1
22 2 1
22 26 1
22 30 1
22 37 1
22 134 1
22 195 1
22 232 1
22 276 1
22 339 1
22 471 1
23 42 1
23 45 1
23 64 1
23 70 1
23 79 1
23 85 1
23 91 1
23 102 1
23 112 1
23 140 1
23 144 1
23 190 1
23 246 1
23 422 1
23 599 1
24 73 1
24 79 1
24 120 2
24 137 1
24 141 1
24 145 1
24 165 1
25 130 1
25 147 1
25 184 1
26 6 1
26 22 1
26 54 1
26 57 1
26 109 1
26 114 1
26 120 1
26 174 1
26 185 1
26 193 1
26 420 1
27 97 1
27 344 1
28 16 2
28 22 1
28 49 1
28 71 1
28 98 1
28 115 1
28 130 1
28 133 1
28 138 1
28 143 1
28 156 1
28 196 1
28 561 1
28 570 3
29 129 2
29 163 1
29 197 1
29 473 1
30 21 1
30 49 1
30 60 1
30 72 1
30 87 1
30 94 1
30 110 1
30 395 2
31 5 1
31 34 1
31 180 1
31 187 1
31 406 1
31 444 1
32 19 1
32 77 1
32 91 1
32 156 1
32 184 1
33 10 1
33 47 1
33 115 1
33 147 1
33 176 1
33 185 1
33 233 1
33 329 2
33 459 1
33 499 1
33 539 1
34 73 2
34 81 1
34 94 2
34 392 1
35 6 1
35 53 1
35 99 4
35 108 2
35 121 1
35 186 1
35 374 1
36 9 1
36 21 1
36 38 1
36 101 1
36 118 1
36 135 1
36 146 1
36 347 1
36 487 1
37 82 1
37 145 2
37 178 1
37 197 1
37 357 1
37 396 1
37 515 1
38 36 1
38 46 1
38 93 1
38 97 1
38 114 1
38 118 1
38 139 1
38 176 1
38 281 1
39 11 1
39 86 1
39 107 3
39 184 1
39 185 1
39 190 1
39 579 1
40 4 2
40 69 1
40 70 1
40 71 1
40 81 1
40 123 1
40 149 1
40 186 4
40 431 1
41 9 1
41 40 1
41 50 1
41 98 2
41 104 1
41 120 1
41 143 1
41 166 1
41 278 1
41 315 1
42 23 1
42 49 1
42 53 1
42 55 1
42 64 1
42 103 1
42 150 2
42 158 1
42 406 1
42 508 1
42 589 1
43 5 5
43 69 1
43 99 1
44 4 1
44 39 1
44 55 1
44 68 1
44 90 1
44 126 1
44 149 1
44 335 1
44 409 1
44 525 1
45 23 1
45 76 1
45 102 1
45 121 1
45 125 1
45 155 1
45 168 1
45 186 1
45 193 1
45 196 1
46 3 1
46 20 1
46 63 1
46 82 1
46 152 1
46 163 1
46 175 1
46 197 1
46 512 1
47 5 1
47 108 1
47 128 1
47 142 2
47 182 3
47 506 1
47 526 1
47 543 2
48 6 1
48 49 1
48 109 1
48 137 1
48 138 1
48 191 1
48 220 3
49 8 1
49 28 1
49 30 2
49 148 1
49 156 1
50 0 1
50 7 1
50 10 1
50 18 1
50 34 1
50 41 1
50 84 1
50 124 1
50 130 2
50 142 1
50 174 1
50 198 1
50 457 1
51 20 1
51 43 1
51 62 3
51 80 1
51 103 1
51 120 1
51 130 1
51 137 1
51 150 1
51 167 1
52 51 1
52 78 1
52 165 2
52 199 1
53 145 1
53 293 2
53 563 1
54 72 1
54 77 1
54 86 1
54 109 1
54 143 1
54 145 1
54 163 1
54 320 1
55 42 1
55 44 2
55 76 1
55 122 2
55 132 1
55 135 1
55 179 2
55 589 1
56 7 1
56 112 2
56 180 2
56 194 1
56 198 1
56 285 1
56 289 1
56 355 1
56 472 2
57 11 1
57 69 1
57 86 1
57 123 3
57 136 1
57 174 1
57 183 1
58 26 1
58 83 1
58 187 1
58 197 1
58 294 1
58 424 1
58 489 1
58 589 1
59 2 1
59 8 1
59 173 1
59 232 1
59 260 1
59 574 1
60 14 1
60 30 1
60 58 1
60 65 1
60 114 1
60 150 1
60 155 2
60 159 1
60 188 2
60 198 1
60 560 1
61 26 1
61 28 1
61 66 1
61 80 1
61 188 1
61 189 1
61 285 1
61 511 1
62 3 1
62 51 1
62 63 1
62 88 3
62 107 1
62 152 1
62 166 1
62 178 1
62 182 1
62 508 4
63 14 2
63 62 1
63 75 1
63 100 1
63 101 1
63 138 1
63 140 1
63 184 1
63 575 1
64 4 1
64 114 2
64 130 1
64 146 1
64 264 2
64 379 1
64 473 1
64 517 1
65 60 3
65 159 1
65 282 1
65 409 1
66 59 1
66 61 1
66 93 1
66 98 1
66 120 1
66 125 1
66 180 1
66 199 1
67 17 1
67 18 1
67 44 1
67 96 1
67 135 1
67 185 1
67 190 1
67 260 1
67 571 1
68 9 1
68 28 1
68 59 1
68 80 2
68 120 2
68 122 2
68 140 1
68 151 1
69 6 1
69 43 1
69 57 2
69 62 1
69 99 1
69 166 1
70 18 1
70 153 1
70 226 1
70 390 1
70 514 1
70 537 1
71 28 1
71 40 1
71 67 1
71 89 1
71 98 1
71 104 1
71 113 1
71 140 1
71 149 1
71 259 1
71 269 2
71 281 3
71 501 1
72 5 2
72 28 1
72 39 1
72 54 1
72 87 1
72 88 1
72 119 1
72 178 1
72 192 1
72 222 2
73 18 2
73 34 1
73 101 1
73 150 1
73 190 1
73 194 1
73 196 1
74 10 1
74 56 1
74 85 1
74 115 1
74 121 1
74 122 1
74 179 1
74 195 1
75 1 1
75 7 1
75 13 1
75 60 1
75 63 1
75 121 1
75 136 2
75 152 1
75 159 1
75 444 1
75 594 1
76 14 1
76 16 1
76 45 1
76 64 1
76 74 1
76 119 1
76 144 1
76 180 1
76 187 1
76 237 1
76 406 1
77 124 2
77 296 1
77 466 1
78 14 1
78 52 2
78 109 1
78 119 1
78 122 1
79 24 2
79 49 1
79 93 1
79 96 1
79 117 1
79 123 1
79 158 1
79 183 1
79 350 3
80 17 2
80 51 1
80 61 3
80 68 1
80 105 1
80 136 2
80 144 1
80 151 1
80 154 1
80 221 1
80 222 1
81 34 1
81 97 1
81 139 1
81 159 1
81 163 1
81 175 1
81 176 1
81 199 1
82 37 1
82 46 1
82 87 2
82 99 1
82 119 1
82 122 1
82 171 1
82 178 1
82 180 1
82 197 1
82 314 1
82 518 1
83 43 1
83 80 1
83 105 1
83 175 3
83 185 2
83 476 1
84 50 2
84 79 1
84 114 2
84 170 1
84 176 1
84 376 1
84 589 1
85 23 3
85 46 1
85 89 1
85 105 1
85 133 2
85 139 1
85 473 1
86 27 1
86 37 1
86 54 1
86 82 1
86 177 1
86 195 1
86 569 1
87 14 1
87 82 1
87 116 1
87 144 1
87 154 1
87 176 1
88 41 1
88 62 1
88 72 1
88 82 1
88 147 1
88 173 1
88 176 1
88 539 1
89 65 1
89 71 1
89 85 2
89 97 1
89 124 1
89 144 1
89 155 1
89 197 1
90 44 1
90 68 1
90 98 1
90 103 1
90 131 1
90 141 2
90 145 1
90 148 1
90 442 1
91 19 1
91 23 1
91 32 1
91 51 1
91 64 1
91 126 1
91 478 1
92 180 1
92 455 1
92 500 1
93 38 1
93 63 1
93 79 2
93 136 1
93 139 1
93 151 1
93 168 2
93 241 1
93 299 1
93 412 1
93 557 1
94 13 3
94 15 1
94 30 1
94 34 2
94 99 1
94 105 1
94 136 1
94 145 1
94 153 1
94 173 1
94 181 3
94 190 1
94 198 1
94 445 1
95 0 1
95 77 1
95 85 1
95 108 1
95 159 1
95 199 1
95 508 2
96 9 2
96 65 1
96 79 1
96 85 1
96 109 1
96 111 1
96 115 1
96 138 2
96 149 1
96 192 1
96 427 1
96 447 1
96 528 1
97 9 1
97 27 1
97 57 1
97 89 1
97 125 1
97 139 1
97 161 1
98 13 1
98 19 1
98 41 1
98 66 1
98 71 1
98 99 1
98 122 1
98 136 1
98 148 1
98 172 1
98 175 1
98 176 1
98 485 1
99 35 1
99 41 1
99 43 1
99 77 1
99 82 1
99 155 1
99 161 1
99 162 1
99 175 1
99 176 1
99 183 1
99 188 1
99 367 1
100 8 2
100 62 1
100 78 1
100 93 1
100 128 1
100 168 1
101 3 1
101 36 1
101 91 1
101 124 1
101 134 1
101 140 1
101 143 3
101 279 1
101 323 1
102 6 1
102 23 1
102 45 2
102 106 1
102 125 1
102 128 1
102 137 1
102 140 1
102 180 1
103 15 2
103 37 1
103 42 1
103 132 1
103 406 1
104 41 1
104 56 1
104 65 1
104 71 1
104 108 1
104 132 1
104 151 1
104 189 1
105 80 2
105 82 1
105 85 1
105 94 1
105 107 1
105 192 1
105 483 1
106 108 1
106 140 1
106 145 1
106 154 1
106 178 1
106 181 1
107 39 1
107 54 1
107 62 2
107 72 1
107 105 1
107 109 1
107 133 1
107 518 1
108 5 1
108 35 3
108 46 1
108 64 1
108 80 1
108 104 1
108 129 2
108 169 1
108 171 1
108 172 1
108 179 1
108 187 1
108 331 1
109 18 1
109 48 1
109 85 1
109 130 1
109 163 1
110 47 1
110 107 1
110 127 1
110 130 1
110 181 2
110 183 3
110 186 1
110 307 1
110 536 1
111 96 1
111 114 1
111 121 1
111 127 1
111 170 1
111 189 1
111 194 1
111 216 1
111 574 1
112 2 1
112 7 1
112 17 1
112 23 1
112 54 1
112 56 1
112 92 1
112 108 1
112 136 1
112 158 3
112 170 1
112 186 1
113 17 2
113 71 1
113 102 1
113 126 1
113 177 1
113 198 1
114 26 1
114 38 1
114 60 1
114 63 1
114 84 1
114 111 1
114 180 1
114 198 2
114 287 1
114 297 1
115 6 1
115 43 1
115 74 1
115 97 1
115 122 3
115 140 1
115 177 1
116 16 1
116 35 1
116 166 2
116 199 1
116 295 1
116 321 1
116 442 1
116 555 2
117 79 1
118 19 1
118 20 1
118 36 1
118 38 1
118 96 1
118 133 1
118 135 1
118 139 1
118 160 1
118 162 1
118 321 2
118 440 1
119 1 1
119 72 1
119 76 1
119 78 1
119 82 1
119 122 1
120 1 1
120 21 1
120 24 1
120 26 1
120 41 1
120 68 1
120 76 1
120 128 1
120 146 1
120 164 3
120 195 1
120 244 1
120 318 1
120 325 1
120 331 2
120 398 2
120 435 1
120 540 3
121 9 1
121 35 2
121 42 1
121 75 3
121 99 1
121 104 1
121 125 1
121 198 1
121 223 1
121 391 1
122 14 1
122 55 1
122 68 1
122 78 2
122 82 1
122 115 1
122 119 1
122 143 1
122 170 1
122 185 1
122 191 3
122 425 1
122 441 1
122 453 1
123 57 1
123 79 1
123 113 1
123 116 1
123 119 1
123 182 1
123 188 1
123 498 1
124 1 1
124 50 1
124 77 1
124 375 1
124 549 1
125 27 1
125 30 1
125 45 1
125 66 1
125 97 1
125 102 1
125 137 1
125 138 1
125 170 2
125 341 4
125 349 1
125 376 1
126 24 1
126 91 1
126 113 2
126 251 1
126 423 1
126 440 1
127 14 1
127 111 1
127 137 1
127 153 1
127 249 1
127 274 1
127 411 1
127 567 5
128 4 1
128 19 2
128 20 1
128 83 1
128 102 1
128 132 1
128 136 1
128 157 1
128 189 1
128 193 2
129 29 1
129 108 3
129 134 1
129 147 1
129 148 2
129 495 1
129 523 1
130 28 1
130 50 2
130 51 1
130 80 1
130 109 1
130 110 3
130 134 1
130 141 1
130 181 1
131 38 1
131 90 1
131 101 1
131 132 1
131 175 1
131 188 1
131 279 1
132 55 1
132 91 1
132 103 1
132 104 1
132 139 2
132 149 2
132 156 1
132 184 1
132 193 1
132 549 1
132 580 1
133 78 1
133 85 1
133 107 1
133 118 3
133 146 2
133 150 1
133 157 1
133 162 1
133 175 1
134 1 1
134 22 1
134 101 1
134 127 1
134 129 1
134 148 1
134 149 1
134 166 1
134 176 1
134 187 1
134 198 1
134 402 1
134 510 1
135 8 2
135 36 1
135 44 1
135 55 1
135 67 3
135 76 1
135 87 1
135 118 2
135 146 1
135 149 1
135 161 1
135 167 1
135 319 1
135 513 1
135 557 1
136 8 1
136 43 1
136 57 1
136 80 1
136 94 1
136 98 1
136 112 2
136 128 1
136 169 1
136 184 1
136 189 1
136 198 1
136 366 1
137 19 1
137 24 1
137 48 1
137 51 2
137 80 1
137 102 1
137 125 2
137 129 1
137 163 1
137 166 3
137 169 1
137 350 1
138 28 1
138 32 1
138 63 3
138 96 1
138 117 1
138 125 1
138 150 1
138 171 1
138 413 1
139 0 2
139 81 1
139 85 1
139 93 1
139 118 2
139 132 1
139 154 2
139 172 1
139 287 1
139 411 1
139 558 1
140 23 1
140 52 1
140 55 1
140 62 1
140 63 1
140 71 3
140 93 2
140 106 1
140 115 1
140 144 1
140 146 1
140 198 1
140 418 1
140 531 1
141 20 1
141 90 1
141 191 1
141 198 1
142 1 1
142 6 1
142 47 1
142 59 1
142 95 1
142 150 1
142 185 1
142 403 1
142 464 1
143 12 1
143 28 1
143 46 1
143 50 1
143 54 1
143 96 1
143 101 1
143 122 2
143 153 1
143 372 1
143 434 1
144 15 1
144 23 1
144 76 1
144 97 1
144 128 1
144 140 1
144 153 1
144 178 1
144 223 1
144 410 1
145 24 1
145 37 1
145 47 1
145 54 1
145 55 1
145 98 1
145 106 1
145 111 1
145 133 1
145 153 1
145 196 1
145 199 1
145 508 1
146 6 1
146 36 1
146 64 1
146 133 2
146 326 2
146 598 1
147 12 1
147 33 2
147 35 1
147 186 1
147 527 1
148 17 1
148 49 1
148 90 4
148 129 1
149 16 1
149 22 1
149 31 1
149 40 1
149 44 2
149 63 1
149 67 1
149 71 1
149 96 1
149 132 1
149 135 2
149 158 2
149 294 1
150 6 1
150 20 1
150 42 1
150 60 1
150 73 1
150 138 2
150 142 1
150 171 1
150 189 1
150 268 1
151 2 1
151 7 1
151 15 2
151 19 2
151 161 1
151 328 1
152 46 1
152 75 1
152 154 2
152 156 1
152 177 4
152 297 1
152 376 1
153 68 1
153 94 1
153 127 1
153 144 1
153 145 1
153 327 1
154 6 1
154 13 2
154 35 1
154 80 1
154 139 1
154 152 1
154 166 3
154 193 3
154 367 1
154 540 1
155 45 1
155 60 1
155 89 1
155 132 1
156 9 1
156 14 1
156 28 1
156 64 1
156 74 1
156 82 1
156 132 1
156 152 1
156 183 1
156 406 1
157 19 1
157 68 1
157 128 1
157 161 1
157 193 1
157 300 1
157 506 1
158 14 1
158 42 1
158 79 1
158 112 1
158 119 1
158 149 1
158 167 1
159 65 1
159 75 1
159 81 1
159 374 1
159 484 1
159 525 1
160 42 1
160 73 1
160 118 1
160 142 1
160 171 1
160 335 4
160 385 1
161 0 1
161 97 1
161 99 1
161 135 2
161 151 1
161 157 1
162 6 2
162 16 2
162 51 1
162 133 2
162 165 1
162 173 1
162 359 1
163 1 1
163 2 2
163 29 1
163 46 1
163 81 1
163 109 1
163 178 1
163 265 1
164 95 1
164 120 1
164 188 1
165 1 1
165 30 1
165 52 1
165 162 1
165 191 2
165 318 1
165 528 1
166 53 1
166 69 1
166 116 1
166 137 1
166 147 1
166 153 1
166 154 1
166 184 1
166 529 1
167 22 1
167 62 1
167 83 1
167 158 2
167 195 1
167 259 2
167 537 2
168 8 2
168 93 1
168 94 1
168 100 1
168 105 1
168 174 1
168 191 1
168 204 1
169 11 1
169 16 1
169 25 1
169 588 1
170 13 1
170 24 1
170 77 1
170 111 1
170 122 1
170 125 1
170 139 1
170 197 1
171 8 1
171 9 2
171 82 1
171 108 1
171 138 2
171 150 1
171 154 1
171 160 1
171 168 1
171 182 1
171 596 1
172 4 2
172 31 1
172 42 1
172 48 1
172 98 1
172 108 1
172 139 1
172 170 1
172 534 1
172 567 1
173 59 2
173 87 1
173 88 3
173 108 1
173 177 1
173 420 1
173 572 1
174 24 1
174 34 1
174 50 1
174 57 1
174 168 1
174 183 1
174 573 1
175 48 1
175 81 1
175 83 1
175 86 1
175 94 1
175 98 1
175 99 1
175 116 1
175 131 3
175 176 1
175 441 1
176 1 1
176 38 1
176 75 2
176 81 1
176 84 1
176 87 1
176 88 2
176 99 1
176 110 1
176 134 2
176 175 1
176 184 1
176 200 1
176 207 1
176 546 1
177 52 1
177 55 1
177 86 1
177 115 1
177 143 1
177 152 1
177 165 1
177 182 1
177 354 1
178 30 1
178 62 2
178 72 1
178 163 1
178 181 2
178 188 1
178 432 1
179 12 1
179 55 1
179 60 1
179 74 2
179 129 1
179 223 1
179 266 1
179 300 1
179 305 1
179 315 1
179 370 1
179 402 1
180 29 1
180 31 1
180 35 1
180 56 1
180 66 1
180 69 1
180 82 2
180 92 1
180 102 2
180 114 1
180 133 1
180 257 1
180 464 1
181 94 2
181 106 1
181 110 1
181 130 1
181 178 1
181 183 1
181 185 1
181 190 2
181 508 1
181 528 1
182 47 1
182 123 1
182 171 1
182 177 1
182 258 1
183 99 1
183 110 1
183 174 2
184 25 1
184 32 1
184 63 1
184 72 1
184 132 5
184 156 1
184 166 1
184 375 2
184 389 1
185 19 1
185 26 1
185 36 1
185 77 1
185 83 1
185 110 1
185 122 1
185 411 1
185 464 1
185 526 1
186 35 1
186 40 1
186 66 1
186 86 1
186 110 2
186 147 1
186 187 1
186 467 1
187 23 1
187 31 1
187 76 1
187 134 1
187 157 1
187 186 2
187 188 3
187 517 1
187 540 1
188 60 1
188 61 1
188 96 1
188 152 1
188 157 1
188 187 1
188 243 1
188 488 1
188 589 1
188 591 1
189 10 1
189 51 1
189 60 1
189 61 1
189 104 1
189 150 1
189 158 1
189 198 1
189 492 2
190 13 1
190 39 2
190 65 1
190 67 2
190 94 1
190 181 1
191 2 1
191 48 1
191 98 1
191 122 1
191 149 1
191 164 1
191 165 1
191 168 1
191 181 1
191 245 1
191 281 1
192 33 1
192 72 1
192 96 1
192 151 1
192 245 1
192 349 1
192 423 1
192 503 1
193 26 1
193 128 1
193 132 1
193 154 1
193 245 2
193 328 1
193 432 1
193 476 1
194 73 1
194 196 1
194 303 2
195 74 1
195 86 2
195 99 1
195 106 1
195 116 1
195 120 1
195 466 1
196 28 2
196 45 1
196 73 1
196 93 1
196 145 1
196 194 1
196 352 1
196 472 1
196 517 1
197 1 1
197 46 1
197 58 1
197 82 1
197 89 1
197 322 2
197 584 1
198 15 1
198 28 1
198 50 2
198 56 1
198 93 1
198 109 1
198 114 2
198 116 1
198 126 1
198 141 1
198 184 1
198 228 2
198 311 1
199 17 1
199 20 1
199 66 1
199 95 1
199 116 1
199 129 1
199 253 1
199 296 1
199 444 1
200 176 1
200 313 1
200 320 1
200 331 1
200 345 2
200 390 1
201 178 1
201 218 1
201 222 2
201 252 1
201 272 1
201 289 1
201 301 1
201 319 1
201 361 1
201 365 1
201 585 1
202 221 1
202 278 2
202 290 1
202 319 1
202 322 1
202 358 1
202 376 1
202 396 1
202 451 1
202 485 1
203 93 1
203 215 1
203 313 2
203 342 1
203 374 1
203 387 1
203 470 1
203 514 1
204 0 2
204 78 1
204 168 1
204 233 1
204 247 2
204 254 1
204 270 1
204 281 1
204 319 1
204 331 1
204 374 1
205 188 1
205 238 1
205 291 1
205 301 3
205 306 1
205 325 1
205 331 3
205 344 1
205 439 1
205 540 3
206 11 2
206 134 1
206 202 1
206 228 1
206 263 1
206 331 1
206 355 1
206 356 1
206 397 1
207 176 1
207 213 2
207 230 1
207 232 1
207 261 1
207 267 1
207 340 1
207 347 2
207 369 3
208 218 1
208 223 1
208 226 3
208 237 1
208 239 1
208 242 1
208 254 1
208 291 2
208 307 1
208 311 1
208 322 1
208 335 1
208 347 2
208 384 1
208 397 1
208 399 1
209 3 1
209 222 1
209 288 1
209 347 1
209 382 1
209 395 1
210 200 1
210 219 1
210 249 1
210 307 1
210 312 1
210 357 1
210 361 1
210 385 1
210 388 1
211 199 1
211 229 1
211 303 2
211 340 1
211 388 2
212 237 1
212 276 1
212 318 1
213 207 1
213 247 1
213 250 1
213 350 1
213 353 1
213 396 1
214 149 1
214 237 1
214 245 1
214 281 1
214 284 1
214 306 1
214 324 1
214 372 1
214 396 1
214 494 1
214 512 1
215 180 1
215 222 1
215 230 1
215 247 1
215 248 1
215 253 1
215 318 1
215 325 1
215 344 1
215 354 1
215 364 1
215 380 1
216 221 1
216 249 1
216 265 1
216 282 1
216 289 1
216 304 1
216 305 1
216 346 1
216 389 1
216 593 1
217 17 3
217 67 1
217 240 1
217 257 1
217 312 1
217 328 1
217 336 1
217 375 2
218 201 2
218 255 1
218 328 1
218 345 1
218 359 1
218 380 2
218 383 1
218 391 2
219 210 1
219 225 1
219 330 1
219 345 1
219 346 1
219 370 1
219 394 1
220 48 1
220 214 1
220 218 1
220 222 1
220 234 1
220 242 1
220 250 2
220 252 1
220 280 1
220 303 2
220 317 1
220 330 1
220 334 1
220 339 3
220 365 1
221 41 1
221 80 1
221 202 1
221 239 1
221 264 1
221 269 1
221 305 1
221 328 2
221 345 1
221 475 1
222 72 1
222 80 2
222 201 1
222 215 1
222 220 1
222 234 1
222 244 1
222 258 1
222 267 1
222 312 1
222 314 1
222 399 1
222 533 1
223 121 1
223 179 1
223 208 1
223 213 1
223 245 1
223 258 1
223 268 1
223 283 1
223 296 1
223 316 1
223 325 2
223 371 1
223 391 2
223 428 1
223 476 1
224 208 1
224 260 2
224 294 1
224 313 1
224 342 1
224 381 1
224 537 1
225 47 1
225 219 1
225 393 1
226 70 1
226 208 1
226 250 1
226 253 1
226 257 1
226 304 1
226 364 1
226 442 1
226 563 1
227 143 1
227 239 1
227 245 1
227 269 1
227 274 1
227 277 1
227 286 1
227 288 1
227 290 2
227 297 1
227 317 1
228 198 1
228 206 1
228 222 1
228 223 1
228 275 2
228 313 1
228 329 1
228 397 1
228 579 1
229 238 1
229 241 1
229 254 1
229 264 1
229 311 1
229 334 1
229 355 1
229 399 1
229 468 1
230 207 1
230 231 1
230 252 1
230 275 1
230 295 1
230 344 1
230 355 1
230 364 1
230 377 2
230 387 1
230 394 1
230 424 1
231 16 1
231 230 2
231 266 1
231 280 1
231 323 1
231 338 2
231 341 3
231 355 1
231 359 1
231 383 1
231 399 1
232 22 1
232 258 2
232 260 1
232 311 1
233 5 1
233 243 1
233 262 1
233 265 1
233 305 1
233 308 3
233 330 1
233 344 1
233 390 1
234 269 1
234 274 1
234 276 1
234 287 1
234 304 2
234 312 1
234 351 1
234 372 1
234 394 1
234 398 2
234 415 1
234 492 1
235 162 1
235 274 2
235 278 1
235 301 1
235 397 1
235 504 1
235 523 1
236 266 1
236 316 1
236 319 1
236 424 2
237 76 3
237 208 2
237 212 1
237 274 1
237 344 1
237 350 1
237 356 1
237 360 1
237 366 1
237 379 1
237 384 1
237 385 1
237 472 2
238 205 1
238 229 1
238 245 1
238 268 1
238 276 2
239 69 1
239 208 2
239 217 1
239 221 1
239 292 1
239 301 1
239 316 2
239 372 1
239 387 1
239 599 1
240 4 1
240 217 1
240 254 1
240 299 1
240 319 1
240 332 1
240 363 2
240 555 1
240 599 1
241 20 2
241 107 1
241 203 1
241 219 1
241 229 1
241 243 1
241 245 1
241 268 1
241 284 2
241 293 1
241 302 1
241 359 3
242 220 1
242 314 1
242 316 1
242 342 1
242 351 1
242 373 2
242 383 1
242 384 1
242 390 1
242 550 1
243 188 1
243 233 2
243 236 1
243 269 1
243 276 1
243 299 1
243 310 1
243 376 1
244 120 1
244 299 2
244 353 1
244 370 1
244 384 1
245 193 1
245 223 1
245 238 1
245 241 1
245 259 1
245 286 1
245 290 1
245 298 1
245 322 1
245 351 1
245 513 1
246 10 1
246 212 1
246 282 1
246 284 1
246 313 2
247 80 1
247 202 1
247 204 1
247 213 1
247 215 1
247 381 1
247 382 1
247 418 1
247 561 1
248 230 1
248 237 1
249 9 1
249 210 1
249 254 1
249 299 1
249 317 1
249 354 1
249 376 1
249 564 1
250 220 1
250 256 1
250 291 1
250 299 1
250 304 1
250 315 1
250 366 1
250 367 1
250 557 1
251 88 1
251 205 1
251 254 1
251 258 1
251 264 1
251 335 1
251 363 1
252 82 1
252 201 1
252 206 1
252 220 1
252 230 1
252 249 1
252 251 1
252 262 1
252 365 1
252 375 1
253 199 1
253 215 1
253 226 1
253 276 1
253 288 1
253 296 1
253 313 1
253 316 2
253 330 1
253 340 1
253 349 1
253 458 2
253 474 1
254 204 2
254 208 2
254 216 1
254 229 1
254 301 1
254 307 1
254 308 3
254 309 1
254 342 2
254 355 1
255 44 1
255 71 1
255 75 1
255 218 1
255 268 1
255 350 3
255 365 1
255 370 1
255 379 1
255 382 1
255 389 1
256 250 1
256 251 1
256 268 1
256 285 1
256 288 1
256 291 1
256 334 1
256 397 1
257 180 1
257 217 1
257 220 1
257 226 1
257 278 1
257 285 1
257 325 1
257 344 1
257 375 1
257 379 1
257 425 1
257 585 1
258 214 1
258 219 1
258 222 2
258 223 1
258 232 1
258 270 1
258 320 1
258 397 1
258 595 1
259 35 1
259 167 1
259 211 1
259 261 2
259 377 1
259 385 2
259 420 2
260 67 1
260 224 1
260 232 1
260 267 1
260 278 1
260 297 1
260 313 2
260 330 1
260 389 1
260 391 1
261 207 1
261 259 1
261 285 1
261 286 1
261 295 1
261 305 1
261 327 1
261 329 1
261 344 1
261 357 1
262 214 1
262 271 1
262 272 1
262 302 1
262 307 1
262 362 4
262 387 1
263 331 1
263 362 1
263 368 1
263 438 1
264 19 1
264 64 1
264 206 1
264 221 1
264 232 1
264 251 1
264 323 1
264 326 1
264 336 1
264 365 1
264 382 1
265 152 1
265 290 1
265 307 1
265 339 1
265 346 1
265 393 2
265 397 2
265 505 1
266 179 1
266 348 1
266 350 1
266 373 1
267 181 1
267 296 2
267 359 1
267 394 1
267 435 1
268 92 1
268 223 1
268 238 1
268 241 1
268 256 1
268 269 1
268 278 1
268 290 1
268 296 1
268 301 1
268 306 1
268 325 1
268 362 1
268 386 1
268 396 1
269 71 1
269 234 1
269 243 2
269 268 3
269 279 1
269 390 1
270 66 1
270 208 1
270 245 1
270 273 1
270 285 1
270 291 1
270 314 1
270 386 1
270 391 1
271 262 1
271 276 1
271 295 1
271 300 1
271 372 1
271 383 1
271 395 1
271 397 2
272 178 1
272 230 1
272 262 2
272 317 1
272 367 2
273 200 1
273 270 1
273 286 1
273 320 1
273 345 1
273 395 1
273 406 1
274 227 1
274 234 1
274 235 1
274 252 1
274 270 1
274 278 1
274 284 1
274 287 1
274 288 1
274 294 3
274 298 1
274 303 1
274 345 1
274 375 1
274 392 1
274 464 1
275 228 2
275 230 1
275 277 1
275 320 2
275 334 3
275 336 1
275 340 1
275 382 1
275 412 1
276 212 1
276 234 1
276 238 1
276 243 2
276 251 1
276 253 1
276 340 3
276 343 1
276 345 1
276 363 1
277 6 1
277 215 1
277 249 1
277 275 1
277 283 1
277 293 1
277 298 1
277 325 1
277 341 1
277 378 1
277 381 2
277 392 1
277 398 1
278 65 1
278 202 1
278 257 1
278 259 1
278 268 1
278 274 1
278 301 1
278 410 1
278 434 1
279 101 1
279 131 1
279 210 1
279 242 1
279 314 1
279 321 1
279 323 1
279 357 1
279 382 1
280 143 1
280 220 1
280 345 2
280 369 1
281 38 1
281 71 1
281 191 1
281 204 1
281 264 1
281 363 1
281 377 1
281 380 1
281 385 1
281 509 1
281 526 1
282 65 2
282 246 1
282 251 1
282 340 2
282 349 1
282 350 1
282 351 1
282 378 1
282 399 1
283 223 1
283 289 1
283 298 1
283 306 1
283 321 1
283 337 1
283 488 1
284 214 1
284 241 1
284 274 1
284 275 1
284 293 1
285 56 1
285 61 1
285 213 1
285 256 2
285 257 1
285 261 1
285 270 2
285 333 1
285 498 1
285 513 1
286 243 1
286 245 1
286 261 1
286 273 1
286 342 1
286 365 1
286 373 1
286 382 1
286 437 1
286 460 1
286 596 1
287 234 1
287 274 1
287 290 2
287 305 1
287 308 1
287 318 4
287 330 1
287 337 1
287 396 3
287 463 1
288 253 1
288 274 3
288 339 1
288 350 1
288 373 1
288 382 1
288 403 1
288 435 1
289 216 3
289 283 3
289 364 1
289 404 1
289 443 1
289 570 1
290 202 1
290 227 1
290 265 1
290 268 1
290 287 1
290 312 1
291 205 1
291 208 1
291 210 1
291 268 1
291 301 1
291 476 1
291 540 2
292 21 1
292 244 1
292 323 1
292 361 1
292 372 1
292 397 1
292 550 1
293 53 1
293 260 1
293 284 1
293 308 1
293 312 1
293 320 1
293 393 1
293 396 2
294 131 1
294 149 2
294 226 1
294 274 1
294 280 1
294 300 1
294 305 1
294 310 1
294 329 1
294 341 1
294 350 1
294 358 2
295 230 1
295 261 1
295 271 1
295 297 1
295 319 1
295 335 1
296 77 1
296 110 1
296 216 1
296 223 1
296 253 1
296 298 1
296 304 1
296 305 1
296 308 1
296 316 1
296 328 2
296 343 1
296 356 1
296 366 2
296 428 1
297 114 1
297 217 1
297 236 1
297 251 1
297 256 1
297 260 1
297 295 2
297 296 1
297 309 1
297 348 1
297 398 1
297 462 2
298 245 1
298 296 1
298 346 1
298 355 1
298 361 1
298 370 2
298 373 1
299 93 1
299 244 1
299 249 1
299 250 1
299 301 2
299 312 1
299 313 1
299 422 1
300 157 1
300 271 1
300 294 1
300 298 1
300 341 1
300 357 1
300 359 2
300 388 1
300 395 1
300 459 1
300 485 1
301 201 1
301 205 2
301 213 1
301 235 1
301 239 1
301 245 1
301 268 1
301 278 1
301 291 4
301 299 2
301 371 1
301 396 1
302 241 1
302 251 1
302 262 1
302 333 1
302 398 1
302 461 1
302 475 1
302 528 1
302 572 1
303 194 1
303 211 1
303 220 1
303 344 1
303 392 1
303 447 1
304 150 1
304 223 1
304 234 1
304 321 1
304 338 1
304 352 1
304 361 1
304 383 1
304 502 1
304 557 1
305 1 1
305 4 1
305 138 1
305 221 1
305 233 1
305 261 1
305 294 1
305 296 1
305 315 1
305 325 1
305 353 1
305 450 2
305 453 1
306 51 1
306 214 2
306 231 1
306 318 1
306 321 1
306 348 1
306 352 1
306 362 1
306 389 1
307 110 1
307 204 1
307 208 1
307 210 1
307 218 1
307 308 1
307 322 1
307 386 1
308 233 1
308 254 1
308 258 1
308 296 1
308 333 1
308 338 1
308 350 1
308 382 1
308 386 1
309 200 1
309 297 1
309 323 2
309 334 2
309 391 1
309 440 1
309 471 1
310 113 1
310 243 1
310 261 1
310 272 1
310 294 2
310 346 1
310 362 1
310 386 1
311 214 1
311 223 1
311 229 1
311 232 1
311 254 1
311 307 1
311 316 1
311 324 1
311 327 1
311 332 1
311 380 1
311 541 3
312 217 1
312 234 1
312 245 1
312 290 1
312 299 1
312 320 1
312 343 1
313 200 1
313 203 1
313 224 1
313 228 1
313 253 3
313 260 1
313 299 1
313 371 1
313 498 1
314 82 1
314 209 1
314 222 1
314 242 1
314 245 1
314 265 1
314 289 1
314 290 1
314 311 1
315 41 3
315 129 1
315 217 1
315 305 3
315 316 1
315 337 1
315 370 1
315 384 1
315 508 1
316 239 1
316 253 1
316 280 1
316 296 2
316 311 1
316 315 1
316 328 1
316 331 1
316 514 1
317 272 1
317 338 1
317 381 1
317 383 1
317 535 1
318 120 1
318 165 1
318 241 1
318 258 1
318 285 1
318 287 1
318 289 1
318 306 1
318 333 1
318 335 1
318 338 1
318 350 1
318 385 1
318 589 2
319 204 1
319 236 1
319 240 1
319 295 2
319 374 1
319 491 1
320 200 2
320 224 1
320 246 1
320 273 1
320 275 1
320 293 2
320 312 1
320 315 1
320 381 1
320 385 1
320 397 1
321 116 1
321 118 1
321 221 1
321 240 1
321 279 2
321 283 2
321 284 1
321 304 1
321 306 1
321 357 3
321 386 1
321 481 1
321 537 1
322 197 1
322 245 2
322 250 1
322 278 1
322 307 1
322 341 1
322 351 1
322 359 1
323 231 1
323 264 1
323 279 2
323 292 2
323 309 1
323 335 2
324 221 1
324 258 1
324 311 1
324 314 1
324 332 1
324 342 1
324 362 1
324 385 1
324 540 1
324 554 1
325 120 1
325 205 1
325 215 1
325 223 1
325 257 1
325 268 1
325 299 1
325 308 1
325 313 1
325 355 1
325 371 1
325 382 1
325 396 1
325 546 4
326 146 1
326 270 1
326 301 1
326 375 1
327 261 1
327 311 1
327 338 3
327 368 1
327 371 1
327 379 2
327 528 1
328 151 1
328 193 1
328 217 2
328 218 1
328 221 1
328 259 1
328 296 1
328 331 1
328 344 2
328 368 2
329 33 1
329 228 1
329 244 1
329 284 1
329 317 1
329 340 1
329 354 1
330 21 3
330 204 1
330 219 1
330 220 2
330 259 1
330 260 1
330 268 1
330 273 1
330 283 1
330 287 1
330 332 1
330 359 1
330 364 1
330 381 1
331 20 1
331 108 1
331 120 1
331 200 3
331 204 2
331 205 1
331 353 1
331 367 2
331 369 1
331 379 1
331 397 1
331 399 1
331 433 1
331 487 1
332 210 1
332 240 1
332 267 1
332 311 1
332 324 1
332 330 2
332 353 2
332 370 1
332 394 1
332 414 1
333 16 1
333 302 1
333 308 1
333 318 3
333 341 1
333 363 1
333 388 1
333 389 1
334 1 1
334 220 1
334 237 1
334 275 2
334 309 2
334 379 1
334 384 1
334 390 1
334 568 1
334 594 1
335 44 1
335 160 1
335 212 1
335 251 1
335 295 1
335 309 1
335 318 1
335 323 1
335 324 1
335 332 1
335 339 1
335 344 1
335 363 1
335 375 2
335 385 1
335 398 1
335 450 2
335 504 1
336 217 1
336 230 1
336 275 1
336 294 1
336 388 1
336 391 1
336 409 1
336 474 1
337 214 1
337 283 1
337 315 1
337 325 1
337 342 2
337 343 1
337 350 1
337 359 1
337 364 1
337 378 1
338 228 1
338 231 2
338 247 1
338 304 1
338 318 1
338 327 1
338 355 1
338 364 1
338 385 1
338 397 1
338 574 1
339 22 1
339 220 1
339 288 1
339 335 1
339 356 1
339 386 1
339 389 1
339 587 2
340 207 2
340 253 1
340 272 1
340 275 2
340 276 1
340 282 1
340 285 1
340 349 1
340 393 3
341 125 1
341 231 1
341 277 1
341 333 1
341 376 1
341 382 2
341 390 1
341 500 1
341 529 1
342 205 1
342 242 1
342 254 3
342 318 1
342 324 1
342 337 2
342 344 1
343 205 1
343 276 1
343 296 1
343 352 1
343 383 1
343 390 1
344 205 1
344 215 1
344 224 1
344 233 1
344 237 1
344 244 1
344 257 1
344 261 1
344 291 1
344 304 1
344 328 1
344 335 3
344 342 1
344 371 1
344 372 1
344 390 1
345 200 1
345 218 1
345 219 1
345 221 1
345 250 1
345 273 1
345 280 1
345 308 1
345 316 1
345 441 1
345 535 2
346 172 1
346 216 1
346 298 1
346 310 1
346 567 2
347 36 1
347 188 1
347 206 1
347 207 2
347 208 1
347 209 1
347 212 1
347 280 1
347 384 1
347 396 1
348 266 1
348 297 1
348 306 1
348 317 1
348 374 1
348 386 1
349 192 1
349 314 1
349 346 1
349 453 1
349 462 1
349 529 1
349 556 1
350 79 1
350 213 1
350 237 2
350 255 1
350 294 1
350 308 1
350 349 1
350 366 1
350 369 1
350 394 1
350 395 1
350 399 1
350 481 1
350 567 1
351 202 1
351 215 1
351 234 1
351 242 2
351 245 1
351 253 1
351 282 1
351 322 1
351 363 1
351 374 1
351 378 1
351 399 1
351 501 1
352 196 1
352 228 1
352 304 2
352 306 1
352 325 1
352 343 3
352 388 1
352 394 1
352 403 1
352 428 1
352 480 1
352 551 1
353 213 1
353 305 1
353 331 1
353 332 1
354 134 1
354 215 1
354 249 2
354 319 1
354 367 1
354 392 1
355 206 1
355 229 1
355 254 2
355 270 1
355 298 2
355 325 1
355 338 1
355 421 1
355 437 1
356 52 1
356 213 1
356 296 2
356 339 1
356 386 1
357 37 1
357 200 1
357 210 1
357 279 1
357 300 1
357 321 1
357 361 2
357 479 2
358 202 1
358 255 1
358 266 1
358 294 1
358 361 1
358 364 2
359 162 1
359 241 1
359 267 1
359 300 1
359 322 1
359 337 2
359 399 1
359 455 2
359 574 2
360 237 1
360 246 1
360 252 1
360 373 1
360 386 1
361 79 1
361 201 1
361 292 2
361 298 1
361 304 1
361 327 1
361 357 1
361 390 1
361 487 1
362 206 1
362 212 1
362 262 2
362 306 1
362 310 1
362 324 1
362 387 1
363 240 1
363 251 1
363 290 1
363 296 1
363 298 1
363 318 1
363 328 1
363 333 1
363 338 1
363 348 1
363 351 1
363 370 1
363 382 1
363 384 1
363 387 1
363 588 1
364 230 1
364 289 1
364 330 1
364 358 2
364 380 1
365 201 1
365 220 1
365 252 1
365 271 1
365 278 1
365 338 1
365 382 1
365 384 1
365 391 1
366 237 2
366 252 1
366 344 1
366 350 1
366 370 1
366 383 3
367 99 1
367 217 1
367 241 1
367 250 2
367 257 1
367 272 1
367 297 1
367 310 1
367 331 1
367 354 3
367 360 1
367 378 1
367 383 2
368 261 1
368 263 1
368 265 1
368 327 1
368 328 1
368 384 1
368 487 1
368 489 1
368 574 1
369 207 1
369 231 1
369 280 2
369 331 1
369 340 1
369 385 2
369 474 1
370 179 1
370 219 1
370 255 1
370 311 1
370 339 1
370 363 1
370 366 1
371 39 1
371 210 1
371 223 1
371 229 1
371 274 1
371 284 1
371 287 1
371 301 1
371 325 1
371 337 1
371 372 1
371 376 2
371 498 1
372 160 1
372 234 3
372 248 1
372 271 1
372 344 1
373 242 1
373 248 1
373 266 1
373 286 2
373 288 1
373 298 1
373 353 1
373 529 1
374 125 1
374 159 1
374 204 1
374 319 1
374 348 1
374 351 1
374 363 1
374 397 1
374 546 1
375 184 1
375 217 2
375 243 1
375 252 1
375 257 1
375 301 1
375 321 1
375 326 1
375 335 1
375 365 1
375 371 1
375 395 1
376 125 1
376 152 1
376 202 1
376 243 1
376 249 1
376 264 1
376 318 1
376 371 1
376 498 1
377 218 1
377 219 1
377 230 2
377 259 1
377 375 1
378 277 2
378 282 1
378 324 1
378 351 1
378 367 1
378 387 1
379 64 1
379 142 1
379 237 1
379 255 1
379 327 1
379 334 2
379 388 1
380 215 2
380 218 1
380 233 1
380 281 1
380 311 1
380 342 1
380 378 1
380 393 1
381 180 1
381 317 1
381 320 1
381 330 1
382 209 2
382 247 1
382 255 1
382 265 1
382 269 1
382 275 1
382 279 1
382 286 1
382 288 1
382 308 1
382 325 2
382 341 1
382 365 1
382 384 1
383 218 1
383 231 2
383 301 1
383 304 3
383 366 1
383 367 1
383 404 2
383 431 1
383 579 1
384 208 1
384 242 1
384 244 1
384 315 1
384 317 1
384 334 1
384 339 1
384 368 1
384 382 1
385 160 1
385 210 1
385 258 1
385 259 1
385 281 1
385 335 1
385 338 1
385 360 1
385 369 1
385 396 1
385 402 1
386 255 1
386 268 2
386 270 1
386 306 1
386 307 1
386 308 1
386 310 1
386 321 1
386 335 1
386 339 1
386 348 1
386 356 2
386 360 1
386 389 1
387 29 1
387 203 1
387 234 1
387 244 1
387 254 1
387 262 2
387 277 1
387 328 1
387 354 1
387 357 1
387 388 1
388 201 1
388 207 1
388 210 1
388 211 1
388 300 1
388 310 1
388 333 2
388 352 1
388 561 1
389 184 2
389 260 1
389 284 1
389 285 1
389 306 2
389 319 1
389 333 1
389 339 1
390 70 1
390 200 2
390 219 1
390 232 1
390 242 1
390 262 2
390 269 1
390 270 1
390 310 1
390 313 1
390 334 1
390 341 1
390 343 1
390 348 1
390 374 1
390 380 1
390 392 1
391 121 1
391 218 1
391 223 1
391 229 1
391 270 1
391 309 1
391 336 1
391 365 2
391 389 1
391 553 1
392 34 1
392 235 1
392 251 1
392 277 1
392 297 1
392 303 2
392 342 1
392 350 1
392 354 1
392 374 1
392 384 1
392 390 1
393 98 1
393 265 1
393 293 3
393 340 1
393 380 1
394 230 3
394 234 2
394 267 1
394 283 1
394 332 1
394 350 1
394 352 1
394 358 1
394 397 1
395 30 1
395 118 1
395 209 2
395 218 1
395 271 1
395 297 1
395 300 2
395 350 2
395 375 1
395 412 1
395 526 3
395 583 2
396 37 2
396 213 1
396 214 1
396 219 1
396 268 1
396 287 1
396 293 2
396 301 1
396 325 1
396 347 1
396 484 1
397 108 1
397 121 1
397 228 1
397 235 1
397 256 1
397 265 3
397 271 1
397 273 1
397 292 5
397 320 1
397 335 1
397 338 2
397 394 1
398 120 1
398 218 1
398 234 1
398 277 1
398 297 1
398 322 1
398 335 1
399 218 1
399 222 2
399 225 1
399 231 1
399 257 2
399 359 1
399 384 1
399 419 1
399 465 1
400 440 1
400 451 1
400 478 1
400 483 1
400 496 1
400 509 1
400 512 2
400 523 1
400 528 2
400 545 1
400 560 1
400 571 1
400 587 1
400 598 1
401 409 1
401 432 2
401 451 1
401 454 1
401 544 1
402 134 1
402 179 1
402 418 1
402 523 1
402 563 1
402 566 1
403 142 2
403 242 1
403 288 1
403 352 1
403 428 2
403 457 1
403 479 1
403 511 1
403 577 1
403 595 1
404 383 1
404 402 1
404 424 1
404 428 1
404 447 1
404 451 1
404 500 1
404 593 3
404 599 2
405 354 1
405 482 2
405 484 1
405 510 1
405 550 1
405 582 1
406 31 1
406 76 1
406 103 1
406 156 2
406 199 1
406 412 2
406 445 1
406 456 1
406 495 1
406 524 1
407 250 1
407 352 1
407 419 1
407 421 1
407 432 1
407 461 1
407 500 1
407 548 1
407 549 1
407 565 1
407 578 1
408 403 1
408 414 2
408 469 1
408 505 1
408 527 1
408 571 1
409 44 1
409 65 1
409 336 1
409 401 1
409 422 1
409 429 1
409 430 1
409 456 1
409 485 2
409 579 1
410 210 1
410 426 1
410 458 1
410 464 1
410 496 1
410 531 1
410 546 1
410 582 1
411 127 1
411 439 1
411 490 1
411 505 1
411 507 1
411 548 2
411 569 1
412 93 1
412 395 1
412 406 1
412 435 1
412 438 1
412 465 1
412 480 1
413 138 1
413 429 1
413 478 1
413 487 1
413 514 1
413 520 2
413 553 1
413 564 2
413 565 1
414 163 1
414 408 1
414 447 1
414 450 1
414 477 1
414 524 2
414 566 1
414 567 1
414 589 1
414 593 1
414 598 1
415 404 1
415 442 1
415 485 1
415 538 1
416 407 1
416 419 1
416 430 1
416 431 1
416 445 1
416 507 2
416 521 1
416 528 1
416 530 1
417 431 1
417 433 1
417 461 1
417 499 2
417 506 1
417 510 1
417 517 1
418 140 1
418 303 1
418 402 1
418 457 1
418 472 1
418 479 1
418 514 1
418 547 1
418 549 1
418 560 4
419 10 1
419 344 1
419 525 1
419 526 1
419 555 1
419 598 1
420 173 1
420 259 1
420 429 1
420 451 1
420 500 1
420 504 1
420 517 1
420 532 1
421 327 1
421 355 1
421 487 1
421 495 1
421 519 1
421 578 1
422 23 1
422 409 3
422 447 1
422 463 1
422 466 2
422 520 1
422 527 2
422 547 2
422 578 1
422 581 1
422 594 1
423 208 1
423 229 1
423 428 1
423 466 1
423 473 1
423 560 1
423 567 1
423 573 1
423 592 1
424 58 1
424 236 1
424 301 1
424 382 1
424 425 1
424 520 1
424 595 1
425 257 1
425 424 1
425 430 1
425 447 1
425 449 1
425 478 1
425 520 2
425 546 1
425 593 1
426 410 1
426 471 1
426 473 1
426 478 1
426 513 1
426 570 1
427 218 1
427 418 1
427 480 1
427 532 1
427 538 1
428 223 1
428 352 1
428 403 1
428 404 1
428 423 1
428 429 1
428 451 1
428 490 1
428 515 1
428 565 1
429 0 1
429 269 1
429 417 1
429 420 1
429 449 2
429 454 1
429 457 1
429 468 2
429 507 1
429 545 1
429 563 2
429 565 1
430 402 1
430 409 1
430 416 1
430 425 2
430 434 1
430 475 1
430 484 1
430 490 1
430 498 1
430 507 1
430 514 1
430 542 1
430 576 2
430 581 2
431 40 1
431 292 1
431 417 2
431 434 1
431 444 1
431 454 1
431 470 1
431 500 1
431 566 1
431 567 2
431 578 1
432 178 1
432 401 1
432 423 1
432 482 1
432 512 1
432 517 1
432 518 1
432 541 1
432 548 1
432 551 1
432 562 1
433 417 1
433 428 1
433 448 1
433 456 1
433 466 1
433 503 1
433 559 1
433 581 1
434 18 1
434 143 2
434 385 1
434 430 1
434 446 1
434 473 1
434 485 1
434 495 2
434 517 1
434 556 1
435 267 1
435 288 2
435 412 1
435 446 1
435 474 1
435 478 1
435 502 3
435 508 2
435 562 1
435 575 1
435 577 1
436 419 1
436 447 1
436 450 1
436 470 1
436 475 1
436 476 1
436 527 1
436 534 2
436 556 1
437 355 1
437 479 1
437 498 1
437 590 1
438 19 1
438 263 1
438 412 2
438 422 1
438 465 1
438 490 1
438 514 1
438 518 1
438 537 1
439 411 1
439 478 1
439 498 2
439 547 1
439 587 1
440 118 1
440 268 1
440 400 2
440 465 1
440 469 2
440 524 2
440 595 1
441 175 1
441 457 1
441 463 1
441 467 1
441 482 1
441 484 1
441 488 1
442 226 1
442 289 1
442 459 1
442 487 1
442 557 1
442 584 2
442 586 1
443 47 1
443 519 1
443 552 1
444 75 1
444 199 2
444 421 1
444 429 1
444 453 1
444 460 1
444 476 1
444 489 1
444 503 1
444 516 2
444 523 1
444 527 1
444 568 1
444 595 1
445 416 1
445 417 1
445 527 1
445 543 1
445 579 1
446 434 1
446 438 1
446 541 1
447 96 1
447 303 1
447 422 1
447 425 1
447 431 1
447 436 1
447 492 1
447 493 1
447 507 4
447 513 1
447 527 1
447 577 1
448 36 1
448 450 1
448 492 1
448 507 1
448 556 1
448 588 1
448 592 1
449 164 1
449 403 1
449 424 1
449 425 1
449 428 1
449 429 1
449 452 1
449 462 1
449 533 1
449 558 1
450 30 1
450 305 1
450 335 1
450 448 1
450 461 1
450 485 1
450 503 1
450 541 2
450 573 1
451 15 1
451 202 1
451 320 1
451 400 1
451 401 1
451 428 2
451 470 2
451 486 1
451 507 1
451 545 1
451 584 1
451 591 1
452 448 1
452 510 1
452 528 1
452 551 1
452 587 1
452 595 1
453 122 2
453 265 1
453 305 1
453 456 1
453 469 1
453 475 3
453 549 1
453 561 1
454 401 2
454 409 1
454 478 1
454 498 1
454 504 1
454 507 1
454 542 1
454 556 1
455 359 1
455 463 1
455 468 1
455 519 1
455 520 1
455 580 1
455 583 1
456 280 1
456 406 4
456 409 2
456 420 1
456 433 4
456 448 1
456 452 1
456 487 1
456 553 1
457 418 2
457 441 1
457 474 1
457 477 1
457 509 1
457 549 1
457 592 1
457 593 1
457 594 1
458 253 1
458 410 2
458 473 1
458 481 1
458 489 3
458 491 1
458 516 1
458 532 2
458 550 1
458 568 1
459 300 1
459 400 1
459 439 1
459 442 1
459 455 1
459 478 1
459 493 1
459 494 1
459 564 1
460 43 1
460 471 1
460 479 1
460 527 1
460 531 1
460 576 1
461 64 1
461 359 1
461 455 1
461 467 1
461 469 1
461 471 1
461 490 2
461 495 1
461 510 1
461 528 1
461 554 1
462 297 1
462 449 1
462 498 1
462 517 1
462 552 1
462 560 1
462 571 1
463 17 1
463 287 1
463 422 1
463 441 1
463 455 1
463 472 1
463 483 1
463 563 1
464 142 1
464 458 1
464 519 1
464 545 1
464 559 2
464 568 1
464 577 1
465 412 1
465 438 1
465 471 1
465 472 1
465 478 1
465 498 1
465 528 1
465 559 1
465 578 1
466 77 2
466 195 1
466 422 1
466 433 1
466 597 1
467 400 1
467 439 1
467 441 3
467 473 1
467 488 1
467 504 1
467 532 1
467 537 1
467 570 1
467 580 1
467 582 1
467 584 1
468 95 1
468 229 1
468 348 1
468 429 1
468 455 2
468 512 1
469 236 1
469 408 4
469 440 1
469 453 1
469 464 1
469 480 1
469 490 1
469 492 1
469 534 1
469 575 1
470 203 1
470 436 1
470 451 1
470 463 1
470 464 1
470 496 1
470 516 1
471 22 1
471 300 1
471 309 1
471 426 1
471 452 1
471 465 1
471 474 1
471 538 1
472 56 1
472 196 1
472 237 1
472 463 1
472 467 1
472 468 1
472 494 1
472 565 1
472 575 2
473 29 1
473 64 1
473 434 1
473 458 1
473 467 1
473 486 2
473 511 1
473 540 2
473 561 1
473 582 1
474 336 1
474 369 1
474 435 1
474 457 1
474 491 1
474 497 1
474 498 1
474 528 1
474 529 2
474 550 1
474 578 1
475 207 1
475 302 1
475 436 1
475 453 1
475 464 1
475 484 1
475 595 1
476 83 1
476 223 1
476 436 1
476 444 1
476 456 1
476 487 1
476 519 1
476 531 1
476 547 1
476 579 1
476 587 2
477 414 1
477 528 3
477 571 1
478 91 1
478 391 1
478 400 2
478 413 1
478 417 1
478 425 1
478 435 3
478 454 1
478 459 1
478 465 2
478 504 1
478 506 1
478 513 1
478 534 1
478 538 1
478 540 1
478 543 1
478 573 1
478 585 1
479 352 1
479 357 1
479 403 1
479 418 1
479 460 1
479 490 1
479 549 1
479 552 1
479 553 1
479 584 1
479 598 1
480 412 1
480 427 1
480 469 1
480 520 1
480 574 1
481 321 3
481 416 1
481 421 1
481 439 1
481 503 1
481 528 1
481 584 1
482 2 1
482 359 1
482 405 1
482 432 4
482 441 3
482 487 1
482 504 2
482 542 1
482 550 1
482 553 1
482 554 1
482 576 2
482 579 1
482 583 1
482 595 1
483 105 1
483 400 4
483 463 1
483 477 1
483 492 1
483 493 1
483 498 1
483 538 1
483 571 1
483 574 1
483 581 1
483 598 1
484 159 1
484 405 1
484 441 1
484 462 1
484 515 1
484 538 1
484 547 1
484 561 1
484 572 1
484 594 1
484 598 1
485 202 2
485 287 1
485 300 1
485 409 1
485 506 1
485 521 1
485 522 1
485 575 1
485 576 1
485 579 1
486 449 1
486 451 1
486 473 1
486 509 1
486 534 1
486 550 1
486 587 1
487 36 1
487 421 2
487 476 1
487 494 1
487 580 1
488 188 1
488 206 1
488 245 1
488 283 1
488 441 1
488 467 1
488 499 1
488 503 1
488 574 1
488 577 1
488 580 1
489 58 1
489 80 1
489 321 1
489 368 2
489 419 1
489 444 1
489 458 1
489 467 1
489 506 1
489 540 2
489 548 2
489 582 1
489 585 1
489 590 1
490 411 2
490 428 1
490 435 1
490 438 1
490 450 1
490 461 1
490 469 1
490 479 1
490 509 1
490 510 2
490 591 1
490 593 1
491 317 1
491 419 1
491 458 1
491 474 1
491 476 1
491 548 1
491 597 3
492 189 1
492 444 1
492 448 3
492 469 1
492 483 1
492 523 1
492 558 1
492 582 1
493 141 1
493 425 1
493 447 1
493 457 1
493 459 1
493 483 1
493 541 1
493 575 1
493 577 1
494 10 1
494 214 2
494 459 3
494 472 1
494 510 1
494 594 2
495 129 1
495 406 1
495 421 1
495 434 1
495 461 1
495 493 1
495 504 1
495 523 1
495 527 1
495 540 1
495 548 1
495 563 1
496 42 1
496 400 1
496 410 1
496 442 1
496 534 1
496 557 1
496 588 1
497 448 1
497 525 1
498 107 1
498 123 1
498 313 1
498 354 1
498 434 1
498 439 1
498 462 1
498 470 1
498 478 1
498 483 1
498 516 1
498 517 1
498 524 1
498 545 2
498 593 1
498 597 1
499 33 1
499 407 1
499 417 1
499 488 1
499 568 1
499 578 1
499 589 1
500 92 1
500 341 1
500 431 1
500 447 1
500 498 1
500 499 1
500 505 1
500 510 2
500 518 1
500 519 1
500 599 1
501 351 1
501 430 1
501 454 1
501 470 1
501 484 1
501 568 1
502 335 1
502 409 1
502 435 1
502 505 1
502 514 1
502 563 3
502 578 1
502 593 1
503 432 1
503 433 1
503 444 1
503 447 1
503 450 3
503 481 3
503 488 1
503 509 1
503 561 1
503 564 1
503 578 1
503 579 1
503 586 1
503 599 1
504 224 1
504 430 1
504 454 1
504 467 2
504 482 1
504 506 1
504 574 1
504 575 2
504 579 1
504 583 1
504 596 2
505 265 1
505 445 1
505 469 1
505 495 1
505 500 1
505 502 1
505 516 1
506 47 1
506 157 1
506 485 1
506 489 2
506 553 1
506 558 1
506 596 1
507 279 1
507 416 1
507 423 1
507 429 2
507 430 2
507 447 1
507 448 1
507 454 2
507 516 1
507 559 1
507 577 1
507 579 1
508 62 1
508 95 1
508 145 2
508 315 1
508 435 1
508 436 1
508 519 1
508 533 1
508 541 1
508 553 1
508 571 1
508 574 1
508 579 2
509 1 1
509 125 1
509 281 1
509 438 1
509 457 1
509 486 1
509 490 1
509 506 1
509 531 1
509 576 1
510 417 1
510 452 1
510 461 1
510 494 1
510 497 1
510 500 1
510 523 1
510 530 1
510 547 1
510 579 1
510 588 1
511 61 2
511 473 1
511 552 1
511 557 3
511 598 3
512 214 1
512 400 1
512 432 2
512 451 1
512 457 1
512 468 1
512 498 1
512 524 1
512 539 2
512 568 1
512 597 1
512 599 1
513 435 1
513 449 1
513 481 1
513 535 1
514 70 1
514 203 2
514 412 1
514 413 2
514 430 1
514 438 2
514 509 1
514 518 1
514 519 1
514 523 1
514 532 1
514 576 1
514 595 1
515 18 1
515 37 1
515 484 1
515 568 1
515 580 1
515 582 1
515 583 1
515 595 2
516 68 1
516 406 1
516 409 1
516 444 4
516 458 1
516 470 1
516 495 1
516 505 1
517 64 1
517 196 1
517 421 1
517 432 1
517 434 1
517 498 1
517 525 1
517 547 1
518 96 1
518 111 1
518 261 1
518 432 1
518 438 1
518 500 2
518 514 1
518 591 1
519 208 1
519 421 2
519 455 1
519 476 1
519 548 1
519 564 1
519 566 1
519 577 2
520 349 1
520 413 1
520 422 1
520 424 1
520 425 1
520 455 1
520 458 1
520 516 1
520 596 1
521 461 1
521 498 1
521 515 1
521 583 1
521 589 1
522 475 1
522 554 1
522 557 1
522 578 1
523 129 1
523 235 1
523 400 2
523 453 1
523 492 1
523 495 1
523 497 1
523 510 1
523 514 2
523 534 1
523 548 2
523 598 1
524 406 1
524 414 1
524 440 1
524 449 1
524 512 1
524 520 1
524 525 2
524 540 1
524 542 1
524 577 4
525 0 2
525 44 1
525 159 1
525 385 1
525 419 1
525 517 1
525 524 1
525 583 1
526 185 1
526 395 1
526 419 1
526 448 1
526 552 1
526 578 1
526 589 1
527 147 1
527 422 1
527 435 1
527 444 3
527 445 1
527 447 3
527 498 1
527 519 1
527 526 1
527 544 3
527 559 1
528 96 2
528 302 1
528 400 1
528 416 1
528 434 1
528 465 2
528 477 1
528 481 1
528 537 1
529 166 3
529 318 1
529 341 1
529 373 1
529 474 1
529 549 1
529 567 1
529 597 1
530 412 1
530 416 1
530 473 1
530 510 1
530 586 1
531 410 1
531 460 1
531 476 1
531 509 1
531 562 1
532 420 1
532 422 1
532 423 1
532 458 1
532 515 1
532 548 1
532 567 1
532 571 1
532 582 1
532 594 1
533 159 1
533 361 1
533 447 1
533 449 2
533 492 1
533 508 1
533 534 1
533 548 1
533 555 1
534 96 1
534 103 1
534 421 1
534 436 1
534 469 2
534 478 1
534 486 1
534 557 2
534 558 1
535 67 1
535 317 1
535 345 1
535 481 1
535 513 2
535 577 1
535 588 1
535 593 1
536 110 3
536 412 1
536 454 1
536 483 1
536 546 1
536 552 1
536 591 1
537 167 1
537 224 1
537 449 1
537 495 1
537 522 1
537 528 1
537 565 1
537 597 1
538 478 1
538 483 2
538 550 2
538 586 1
539 88 1
539 176 1
539 512 1
539 594 1
540 120 1
540 205 1
540 291 1
540 324 1
540 473 1
540 478 1
540 489 1
540 491 1
540 495 1
540 560 1
540 599 1
541 311 1
541 432 1
541 446 1
541 450 1
541 499 1
541 508 1
541 554 1
541 581 1
542 430 2
542 433 1
542 454 1
542 564 1
543 47 1
543 444 1
543 445 1
543 544 1
543 579 1
544 156 1
544 401 1
544 527 1
544 557 1
544 591 1
545 166 1
545 429 1
545 451 2
545 461 1
545 498 1
545 581 1
546 125 1
546 325 1
546 374 2
546 410 1
546 449 1
546 487 1
546 490 1
546 531 1
546 540 1
546 570 1
546 579 1
546 584 1
546 585 1
547 422 1
547 468 1
547 476 1
547 484 1
547 575 2
548 407 1
548 411 1
548 489 1
548 523 1
548 532 1
548 533 1
548 587 1
549 59 1
549 124 1
549 132 1
549 182 1
549 410 1
549 418 1
549 450 1
549 453 1
549 457 1
549 479 2
549 487 1
549 529 1
549 547 1
549 580 1
550 242 1
550 292 2
550 405 2
550 458 2
550 474 1
550 485 1
550 538 1
550 551 1
550 568 1
550 594 1
551 26 1
551 101 1
551 286 1
551 352 2
551 432 1
551 452 3
551 550 1
551 584 1
551 587 1
552 363 1
552 431 1
552 443 2
552 462 1
552 469 1
552 511 3
552 536 1
552 555 1
552 561 1
552 568 1
552 577 1
552 597 1
552 598 1
553 69 1
553 343 1
553 391 1
553 400 1
553 413 1
553 428 1
553 456 2
553 475 1
553 479 1
553 482 1
553 486 1
553 508 1
553 593 1
554 324 1
554 356 1
554 461 1
554 482 2
554 487 1
554 522 1
554 559 1
554 567 1
554 570 1
554 584 1
555 116 1
555 240 1
555 479 1
555 533 1
555 563 1
555 580 1
556 421 1
556 434 1
556 436 1
556 448 1
556 587 1
556 592 1
557 135 1
557 304 1
557 408 1
557 420 1
557 422 1
557 479 1
557 511 1
557 534 1
557 565 1
557 592 1
557 594 1
557 595 1
558 40 1
558 91 1
558 463 1
558 534 2
558 591 1
558 598 1
559 165 1
559 433 4
559 464 1
559 465 1
559 489 1
559 516 1
559 554 1
559 568 1
559 585 1
559 594 1
560 60 1
560 418 1
560 422 1
560 423 1
560 452 1
560 540 1
560 545 1
560 564 1
560 573 1
561 28 1
561 247 2
561 388 1
561 460 1
561 473 1
561 488 1
561 495 1
561 503 1
561 552 1
561 568 1
561 572 1
562 432 4
562 435 1
562 531 1
562 558 1
562 563 2
562 567 1
563 53 1
563 226 1
563 429 1
563 463 1
563 479 1
563 491 1
563 495 1
563 502 1
563 505 1
563 515 1
563 562 1
564 40 1
564 249 1
564 413 1
564 429 1
564 459 1
564 519 1
564 542 1
564 547 1
565 155 1
565 413 1
565 429 1
565 472 1
565 543 1
565 557 2
565 596 1
566 402 1
566 414 1
566 445 1
566 514 1
566 519 1
566 594 2
567 127 1
567 259 1
567 346 1
567 350 1
567 414 1
567 431 1
567 492 1
567 532 3
567 562 1
567 573 1
567 592 1
568 444 1
568 451 1
568 458 1
568 478 1
568 512 2
568 559 1
568 576 2
569 86 2
569 140 1
569 410 1
569 411 1
569 570 1
569 576 1
570 28 1
570 417 1
570 426 1
570 436 1
570 458 1
570 467 1
570 478 1
570 485 1
570 521 1
570 541 1
570 582 1
570 599 1
571 3 1
571 67 1
571 400 1
571 408 1
571 462 1
571 501 1
571 508 1
571 532 1
571 581 1
571 593 1
572 173 1
572 302 1
572 586 1
573 174 3
573 421 1
573 436 1
573 450 2
573 459 1
573 478 1
573 560 1
573 590 1
574 41 1
574 338 1
574 359 1
574 368 1
574 437 1
574 479 1
574 480 1
574 488 2
574 494 1
574 511 1
574 542 1
574 553 1
574 598 1
575 63 1
575 435 1
575 472 1
575 483 1
575 485 1
575 493 1
575 504 1
575 547 1
576 4 1
576 395 1
576 412 1
576 430 1
576 441 1
576 482 1
576 485 1
576 514 1
576 568 1
576 569 1
577 403 1
577 425 1
577 435 1
577 447 1
577 488 1
577 493 1
577 507 1
577 519 1
577 524 2
577 552 4
578 9 1
578 286 1
578 411 1
578 422 1
578 431 1
578 454 1
578 465 2
578 474 1
578 477 1
578 502 2
578 522 1
578 570 1
578 576 1
578 580 1
579 39 1
579 404 1
579 409 1
579 445 1
579 476 1
579 485 1
579 503 1
579 504 1
579 507 1
579 508 1
579 546 3
580 132 1
580 224 1
580 455 1
580 467 1
580 487 1
580 515 2
580 528 1
580 549 1
580 555 1
580 560 1
580 578 1
581 186 1
581 415 1
581 422 1
581 430 1
581 483 1
581 503 1
581 541 2
581 545 1
581 577 1
581 587 1
582 232 1
582 405 1
582 410 1
582 467 2
582 473 1
582 492 1
582 515 2
582 532 1
582 593 1
582 595 1
582 596 1
583 395 1
583 406 1
583 455 1
583 457 1
583 482 2
583 509 1
583 515 3
584 413 1
584 423 1
584 442 1
584 451 1
584 479 1
584 480 1
584 481 1
584 519 1
584 546 1
585 201 1
585 257 1
585 409 1
585 442 1
585 489 1
585 546 2
586 538 1
586 540 1
586 572 2
587 42 1
587 339 1
587 400 2
587 452 1
587 468 1
587 476 1
587 486 1
587 541 1
587 548 1
587 551 1
587 555 1
587 556 1
587 558 1
587 565 1
587 581 2
587 583 1
587 596 1
588 4 1
588 136 1
588 169 2
588 363 1
588 448 1
588 463 1
588 496 1
588 522 1
588 575 1
589 42 1
589 55 1
589 58 1
589 84 1
589 188 1
589 318 1
589 414 1
589 494 1
589 499 1
589 521 2
589 526 1
590 437 1
590 448 1
590 489 1
590 541 1
590 573 1
590 577 1
591 227 1
591 233 1
591 407 1
591 432 1
591 451 1
591 518 1
591 525 1
591 544 1
591 580 1
592 448 1
592 461 1
592 477 1
592 556 1
592 567 1
593 8 2
593 44 1
593 404 1
593 441 1
593 457 1
593 461 1
593 490 1
593 502 1
593 571 1
593 582 2
594 25 1
594 241 1
594 398 1
594 457 1
594 484 1
594 494 1
594 539 1
594 550 1
594 557 1
594 559 1
595 46 1
595 258 1
595 424 2
595 475 2
595 482 1
595 514 1
595 515 1
595 557 1
595 582 1
596 12 1
596 171 1
596 414 1
596 504 1
596 506 1
596 520 1
596 521 1
596 565 1
597 191 1
597 466 3
597 491 1
597 498 1
597 512 2
597 529 1
597 537 1
597 543 1
597 585 1
598 146 1
598 400 1
598 414 1
598 419 1
598 462 1
598 483 1
598 503 1
598 511 1
598 514 1
598 531 1
598 572 1
598 574 2
598 586 1
599 23 1
599 239 2
599 240 1
599 404 1
599 500 1
599 540 1
599 555 1
