source target w
0 9 1
0 26 1
0 30 3
0 39 1
0 44 1
0 54 1
0 77 1
0 80 1
0 88 2
0 110 1
0 131 4
0 161 1
0 420 1
0 475 1
1 31 1
1 79 1
1 85 1
1 117 1
1 127 1
1 157 1
1 170 1
1 180 1
1 197 2
1 524 1
2 33 1
2 173 1
2 231 1
3 12 1
3 52 1
3 53 1
3 62 2
3 90 1
3 132 1
3 164 1
3 171 1
3 196 1
3 309 1
3 497 1
4 22 1
4 31 1
4 36 1
4 51 1
4 74 3
4 106 1
4 135 1
4 147 1
4 171 1
4 193 1
4 466 1
4 487 1
5 33 1
5 75 1
5 116 3
5 126 1
5 289 1
5 382 1
5 588 1
6 10 1
6 29 1
6 36 1
6 66 1
6 72 1
6 81 1
6 88 1
6 142 1
6 179 2
6 182 1
6 404 4
6 430 1
7 27 1
7 42 1
7 46 1
7 48 1
7 61 1
7 82 1
7 93 1
7 120 1
7 123 1
7 152 1
7 163 1
7 169 1
7 178 1
7 285 1
8 31 3
8 32 1
8 44 1
8 100 1
8 154 1
8 199 1
9 22 1
9 194 1
9 280 1
10 6 1
10 32 2
10 63 2
10 87 1
10 90 1
10 115 1
10 126 1
10 132 2
10 141 1
10 143 1
10 159 1
10 169 1
11 37 1
11 42 1
11 97 1
11 108 1
11 127 1
11 143 2
11 178 1
12 17 1
12 32 1
12 41 2
12 62 1
12 83 1
12 136 1
12 340 1
13 24 1
13 37 1
13 50 1
13 56 1
13 57 1
13 149 1
13 180 1
13 182 2
13 199 1
13 549 1
14 57 1
14 84 1
14 107 1
14 488 1
15 7 1
15 33 2
15 40 1
15 86 1
15 124 1
15 139 1
15 148 1
15 182 1
15 386 1
15 397 1
16 7 1
16 38 3
16 53 1
16 79 1
16 136 1
16 150 1
16 266 1
16 320 1
17 32 1
17 36 1
17 72 1
17 87 1
17 156 1
17 157 1
17 169 1
17 174 1
17 184 2
17 467 1
18 32 1
18 74 1
18 78 1
18 100 2
18 188 2
18 197 1
18 334 2
19 31 1
19 60 1
19 62 3
19 63 1
19 78 1
19 102 1
19 117 1
19 120 1
19 127 2
19 193 3
19 202 1
19 242 2
20 39 1
20 75 1
20 106 2
20 142 1
20 175 1
20 334 1
20 340 1
20 559 2
21 26 1
21 37 2
21 59 1
21 100 1
21 119 1
21 148 1
21 180 1
22 4 1
22 121 1
22 133 4
22 138 1
22 174 1
22 212 1
22 223 1
23 42 1
23 56 1
23 127 2
23 136 1
23 140 3
23 152 2
23 162 1
23 198 1
23 445 1
24 13 1
24 29 1
24 85 1
24 137 1
24 149 1
24 178 1
24 191 1
24 196 2
24 277 1
25 44 1
25 68 1
25 123 1
25 170 1
25 188 1
25 230 1
25 334 2
25 471 1
26 0 1
26 65 4
26 74 1
26 162 1
26 166 1
26 192 2
26 194 1
26 441 1
26 574 1
27 7 3
27 32 1
27 34 1
27 109 1
27 115 1
27 130 3
27 158 1
27 175 1
27 197 1
27 454 2
27 524 2
28 30 1
28 50 1
28 52 1
28 97 2
28 115 1
28 167 1
28 184 1
28 211 1
28 250 1
28 436 1
28 443 1
29 6 1
29 24 1
29 93 1
29 135 1
29 151 1
29 173 1
29 193 1
29 198 1
29 296 1
29 305 1
30 0 1
30 82 2
30 97 1
30 119 1
30 135 2
30 153 1
30 155 1
30 467 1
30 561 1
31 4 1
31 8 1
31 42 1
31 86 1
31 133 1
31 144 1
31 150 1
32 8 1
32 10 1
32 12 2
32 17 1
32 48 1
32 89 1
32 90 1
32 98 1
32 110 1
32 129 1
32 196 1
32 302 1
32 458 1
32 459 1
32 524 1
33 15 1
33 16 1
33 29 1
33 47 1
33 66 1
33 78 1
33 88 1
33 105 2
33 205 1
33 497 1
34 3 1
34 46 1
34 81 1
34 92 2
34 131 1
34 171 2
34 185 1
34 197 1
34 558 1
34 566 1
35 55 1
35 66 1
35 70 1
35 91 1
35 112 1
36 4 1
36 6 1
36 17 1
36 174 1
36 519 1
37 1 1
37 8 1
37 21 1
37 45 1
37 54 2
37 77 1
37 87 1
37 161 1
38 16 1
38 67 1
38 73 1
38 106 1
38 175 1
38 182 1
38 188 1
39 12 1
39 20 1
39 45 1
39 60 1
39 74 1
39 77 1
39 126 1
39 132 1
39 199 1
39 200 1
39 426 1
40 15 1
40 41 1
40 43 1
40 94 1
40 97 1
40 102 1
40 131 1
40 302 1
41 12 1
41 23 1
41 40 1
41 64 1
41 76 1
41 107 1
41 144 1
41 165 1
42 7 1
42 11 1
42 23 1
42 31 1
42 94 2
42 132 2
42 143 2
42 169 1
42 199 2
42 218 1
43 40 2
43 46 1
43 111 3
43 130 1
43 134 1
43 173 1
43 191 1
43 227 1
43 428 3
44 0 1
44 8 1
44 25 1
44 29 1
44 35 1
44 64 1
44 66 1
44 69 1
44 82 1
44 148 1
44 155 1
44 177 1
44 195 1
44 256 1
44 310 1
44 537 1
45 3 1
45 37 2
45 57 1
45 111 1
45 128 1
45 131 1
45 135 2
45 168 1
45 180 1
45 340 1
46 7 1
46 43 1
46 53 1
46 64 1
46 117 1
46 123 1
46 167 1
46 191 1
46 458 1
47 48 1
47 64 1
47 74 1
47 85 1
47 140 1
47 149 1
47 151 2
47 156 1
47 178 1
48 32 2
48 47 1
48 67 1
48 129 1
48 170 1
48 172 1
48 182 2
48 332 1
48 570 1
49 32 1
49 62 2
49 67 3
49 89 1
49 108 1
49 133 1
49 141 1
49 189 1
50 13 1
50 25 1
50 74 1
50 107 1
50 183 1
50 283 1
50 298 1
50 368 1
51 33 1
51 74 2
51 116 1
51 154 1
51 165 1
51 170 1
51 194 1
51 254 1
52 3 1
52 28 2
52 94 1
52 98 1
52 120 1
52 127 1
52 180 1
53 3 1
53 90 1
53 95 1
53 144 1
53 180 2
53 185 1
53 286 1
54 37 1
54 178 2
54 197 2
55 48 1
55 76 1
55 89 1
55 91 1
55 105 1
55 120 3
55 182 1
56 13 1
56 23 1
56 77 1
56 106 1
56 118 1
56 147 1
56 161 1
56 171 1
56 174 1
56 229 1
56 505 1
57 13 1
57 14 1
57 15 1
57 45 1
57 73 1
57 81 1
57 86 1
57 144 1
57 163 1
57 174 1
57 186 1
57 281 1
57 522 1
58 34 1
58 40 1
58 90 1
58 109 1
58 127 1
58 136 1
58 158 1
58 193 1
58 232 1
58 487 1
59 21 1
59 36 1
59 97 1
59 109 1
59 112 1
59 178 1
59 597 1
60 9 1
60 19 1
60 69 1
60 127 1
60 164 1
60 514 1
61 7 2
61 12 1
61 64 1
61 102 1
61 389 1
61 429 1
61 529 1
62 3 1
62 19 1
62 49 1
62 73 1
62 76 1
62 150 1
62 169 1
62 188 1
62 304 3
62 340 1
62 529 1
63 0 1
63 10 1
63 19 2
63 33 1
63 80 1
63 99 1
63 128 1
63 129 1
63 169 2
63 178 1
63 356 2
63 396 1
63 534 1
64 32 1
64 41 1
64 66 1
64 76 1
64 136 1
64 168 1
64 179 1
64 182 1
65 26 1
65 56 1
65 59 1
65 62 1
65 70 1
65 91 2
65 100 1
65 105 1
65 120 1
65 128 1
65 152 1
65 171 1
65 177 1
65 181 2
65 186 1
66 33 1
66 35 1
66 64 1
66 81 1
66 95 1
66 111 1
66 124 1
66 162 2
66 492 1
67 45 1
67 49 1
67 137 4
67 157 1
67 165 1
67 179 1
68 15 1
68 66 1
68 102 3
68 134 1
68 136 1
68 170 1
68 421 1
68 597 1
69 76 1
69 146 1
69 330 1
69 417 1
70 35 2
70 65 1
70 75 1
70 94 1
70 140 1
70 151 3
70 517 1
71 97 1
71 106 1
71 118 1
71 176 2
71 183 2
71 495 1
72 46 1
72 66 1
72 84 2
72 90 1
72 91 1
72 98 1
72 124 1
72 127 1
72 176 1
72 487 1
72 519 1
73 38 1
73 57 1
73 76 1
73 88 1
73 101 1
73 124 1
73 149 1
73 157 1
73 163 1
73 164 1
73 189 1
73 198 1
73 357 1
73 480 1
73 552 1
74 4 1
74 16 2
74 18 1
74 26 1
74 39 1
74 47 1
74 51 1
74 92 1
74 132 2
74 183 1
74 261 1
74 537 1
75 5 1
75 70 1
75 123 1
75 128 1
75 129 1
75 229 1
75 556 1
76 55 1
76 62 1
76 69 1
76 73 2
76 77 1
76 85 1
76 87 1
76 89 2
76 92 1
76 94 1
76 127 1
76 128 1
76 185 1
76 191 1
76 195 3
77 0 1
77 39 2
77 47 1
77 56 1
77 65 1
77 76 1
77 110 1
77 182 1
77 191 1
78 18 2
78 19 1
78 33 1
78 91 1
78 112 1
78 159 1
78 190 1
78 194 1
78 320 1
78 327 1
78 543 2
79 16 1
79 115 1
79 165 1
79 177 1
79 198 1
80 0 1
80 63 2
80 68 1
80 93 1
80 110 1
80 132 1
80 149 1
80 227 1
80 255 1
80 510 1
81 43 1
81 57 1
81 103 1
81 134 1
81 142 1
81 147 1
81 321 1
81 356 2
81 494 1
81 549 1
82 30 1
82 40 1
82 44 1
82 96 1
82 102 1
82 137 1
82 170 1
82 180 1
82 280 1
82 322 1
82 325 1
82 454 1
83 12 1
83 57 1
83 65 1
83 114 1
83 152 1
83 161 1
83 392 1
84 15 1
84 72 1
84 99 1
84 129 1
84 140 1
84 150 1
84 157 1
84 265 1
84 526 1
85 1 1
85 13 1
85 24 1
85 47 1
85 107 1
85 128 2
85 349 1
85 447 1
86 4 1
86 15 1
86 30 1
86 57 1
86 129 1
86 135 1
86 138 1
86 150 1
86 215 1
87 0 1
87 13 1
87 29 1
87 31 1
87 51 1
87 76 1
87 126 1
87 133 1
87 146 1
87 167 1
87 192 1
87 404 1
87 564 1
88 0 1
88 7 1
88 33 1
88 73 1
88 86 1
88 104 1
88 107 1
88 146 1
88 186 1
88 333 2
88 571 1
89 55 1
89 76 1
89 78 1
89 87 1
89 117 1
89 137 1
89 140 1
89 177 1
89 189 1
89 196 1
89 242 1
89 418 1
90 3 1
90 10 1
90 32 3
90 40 1
90 53 3
90 58 2
90 102 1
90 199 1
91 22 1
91 57 1
91 65 1
91 89 1
91 105 1
91 113 2
91 131 1
91 150 1
91 159 1
91 189 1
91 224 1
91 291 1
92 34 1
92 57 1
92 76 1
92 81 1
92 93 1
92 102 1
92 111 1
92 141 1
92 152 1
92 174 2
92 183 1
92 430 1
92 478 1
92 532 3
93 7 2
93 29 1
93 80 1
93 143 1
93 170 1
93 423 1
94 42 1
94 70 1
94 76 1
94 115 1
94 118 1
94 123 2
94 127 1
94 152 1
94 160 1
94 279 1
94 399 3
95 53 1
95 60 1
95 113 1
95 119 1
95 120 1
95 131 1
95 137 1
95 155 1
95 361 1
95 369 1
96 16 1
96 57 1
96 74 1
96 82 1
96 128 1
96 252 1
97 7 1
97 11 2
97 22 1
97 28 1
97 30 1
97 40 1
97 59 1
97 71 1
97 107 2
97 115 1
97 116 1
97 149 1
97 163 1
97 325 1
97 404 1
97 539 1
98 52 2
98 116 3
98 146 1
98 164 1
98 166 2
98 199 1
98 308 1
98 427 1
98 490 1
99 63 1
99 102 1
99 124 1
99 133 1
99 150 1
99 152 1
99 162 1
99 252 1
99 385 1
99 501 1
100 8 2
100 18 2
100 65 2
100 113 1
100 127 1
100 192 1
101 71 1
101 73 1
101 130 1
101 132 1
101 139 1
101 152 2
101 154 1
101 174 1
101 191 1
102 19 1
102 40 1
102 44 1
102 68 1
102 79 1
102 85 2
102 90 2
102 99 1
102 134 1
102 141 1
102 174 1
102 548 1
102 560 1
103 5 1
103 21 1
103 295 1
104 10 1
104 46 1
104 74 1
104 88 1
104 119 1
104 144 1
104 145 1
104 184 1
104 187 1
104 188 1
104 326 1
104 520 1
104 574 1
105 8 1
105 33 2
105 55 1
105 91 3
105 94 1
105 151 1
106 4 1
106 20 1
106 38 2
106 53 1
106 56 1
106 71 1
106 112 1
106 130 1
106 195 1
106 510 2
106 567 1
107 14 1
107 41 1
107 97 1
107 167 1
107 194 1
107 199 1
107 247 1
108 11 1
108 136 2
108 142 2
108 160 1
108 170 1
108 181 1
108 198 1
109 27 2
109 59 1
109 97 1
109 141 1
109 154 1
109 239 1
109 582 1
110 64 1
110 82 1
110 114 1
110 142 1
110 163 2
110 171 1
110 177 1
110 184 1
110 199 1
111 20 1
111 43 1
111 66 1
111 92 2
111 112 1
111 130 1
111 137 1
111 147 1
111 149 1
111 166 2
111 170 1
111 328 1
111 338 1
112 35 1
112 59 1
112 78 1
112 106 1
112 109 1
112 111 1
112 161 2
113 91 1
113 166 1
114 83 2
114 110 2
114 169 2
114 185 1
114 282 1
114 445 1
114 591 1
115 10 1
115 27 2
115 52 1
115 62 1
115 79 1
115 94 1
115 136 1
115 506 1
116 5 1
116 18 1
116 51 2
116 78 1
116 97 1
116 98 1
116 167 2
116 197 1
116 413 1
117 1 1
117 7 1
117 46 1
117 89 2
117 388 1
118 28 1
118 56 1
118 94 1
118 131 1
118 141 1
118 242 1
119 21 1
119 95 1
119 122 1
119 154 1
119 173 1
119 182 1
119 227 1
119 267 1
119 451 1
120 7 2
120 19 1
120 38 1
120 54 1
120 55 1
120 65 1
120 95 1
120 149 1
120 186 1
120 274 1
121 22 1
121 139 1
121 168 1
121 174 1
122 30 1
122 119 1
122 129 1
122 150 1
122 165 1
122 168 1
122 313 1
122 465 1
122 467 1
122 478 1
122 518 1
122 594 1
123 7 1
123 46 1
123 75 3
123 89 1
123 94 1
123 117 1
123 196 1
123 197 1
124 73 1
124 92 1
124 94 1
124 99 1
124 117 1
124 130 1
124 193 1
124 501 1
125 16 1
125 119 1
125 145 1
125 153 1
125 155 2
125 270 1
126 2 1
126 5 1
126 39 1
126 87 1
126 108 1
126 199 2
126 281 1
127 19 1
127 23 1
127 47 1
127 58 1
127 60 1
127 94 1
127 169 1
127 172 1
127 223 1
127 251 1
127 551 1
128 37 1
128 63 1
128 85 1
128 130 1
128 146 1
128 149 1
128 173 1
128 316 1
128 516 1
129 32 1
129 48 1
129 75 1
129 77 1
129 128 1
129 158 1
129 171 1
129 176 1
129 195 1
129 212 1
129 249 1
130 27 2
130 43 2
130 101 1
130 106 1
130 111 1
130 124 1
130 141 1
130 146 1
130 155 1
130 178 2
130 219 1
130 322 1
130 366 1
130 557 1
131 0 1
131 40 1
131 45 2
131 91 1
131 95 2
131 118 1
131 150 1
131 198 1
131 209 2
131 355 1
132 8 1
132 42 1
132 74 1
132 101 1
132 112 1
132 160 1
132 171 1
132 172 1
132 194 1
133 20 1
133 22 1
133 31 1
133 87 1
133 545 1
133 599 1
134 20 1
134 27 1
134 43 1
134 68 2
134 81 2
134 102 1
134 139 3
134 182 1
134 209 1
134 471 1
135 4 1
135 29 1
135 30 1
135 45 1
135 81 1
135 149 1
135 189 2
135 258 1
135 388 1
135 522 1
136 23 2
136 58 2
136 68 3
136 108 1
136 115 1
136 128 1
136 140 1
136 162 1
136 163 2
136 371 1
137 24 1
137 67 1
137 82 1
137 83 1
137 95 1
137 106 1
137 136 1
137 143 1
137 159 1
137 181 1
137 186 1
137 412 1
138 176 1
138 345 1
139 57 1
139 101 1
139 134 1
139 169 1
139 187 1
139 192 1
140 23 1
140 47 2
140 84 1
140 86 1
140 115 1
140 136 1
140 153 1
140 155 1
140 159 1
140 163 2
140 164 2
140 454 1
141 10 1
141 49 2
141 92 2
141 118 1
141 130 1
141 146 1
141 147 1
141 149 1
141 567 2
142 108 1
142 147 1
142 172 1
142 298 1
142 345 1
142 567 1
143 10 1
143 11 3
143 42 1
143 73 1
143 93 2
143 174 1
143 386 1
144 7 1
144 31 1
144 53 1
144 145 1
144 181 1
144 194 2
144 198 1
144 203 1
145 72 1
145 85 1
145 144 2
145 172 1
145 178 1
145 191 1
145 229 1
146 64 1
146 69 1
146 88 2
146 92 1
146 98 2
146 128 1
146 151 1
146 185 1
146 485 1
147 4 1
147 41 1
147 56 1
147 75 1
147 111 1
147 141 1
147 142 1
147 156 1
148 15 1
148 36 1
148 119 1
148 131 1
148 168 1
148 174 1
148 184 3
148 307 1
148 456 1
149 65 1
149 73 1
149 80 3
149 85 1
149 97 1
149 135 2
149 148 1
149 157 4
149 169 1
149 173 1
149 367 1
149 404 1
149 524 1
150 1 1
150 16 1
150 31 1
150 62 1
150 86 1
150 91 1
150 99 1
150 131 2
150 162 1
150 188 3
150 482 1
150 560 3
151 47 1
151 70 1
151 105 2
151 166 1
151 348 1
151 357 1
151 481 1
152 7 2
152 23 1
152 63 1
152 68 1
152 94 3
152 99 1
152 169 1
152 218 1
152 325 3
153 125 1
153 170 1
153 178 1
153 198 1
153 525 1
154 8 1
154 51 1
154 101 1
154 109 1
154 119 1
154 136 1
154 192 1
154 193 1
154 194 1
154 258 1
154 281 1
154 584 1
155 25 1
155 95 1
155 128 1
155 130 2
155 140 2
155 171 1
155 199 1
155 365 1
156 17 2
156 24 1
156 82 1
156 108 1
156 137 1
156 147 2
156 192 1
157 1 1
157 25 1
157 33 1
157 73 1
157 149 1
157 151 1
158 31 1
158 49 1
158 58 1
158 164 1
158 190 1
159 10 2
159 28 1
159 32 1
159 179 1
159 243 1
159 250 1
159 449 1
159 515 1
159 525 1
159 544 1
160 15 1
160 108 1
160 132 1
160 138 1
160 175 1
160 184 2
160 406 2
160 466 1
161 0 2
161 56 1
161 75 1
161 82 1
161 83 2
161 112 2
161 114 1
161 131 1
161 146 1
161 165 1
162 26 3
162 66 1
162 99 2
162 136 1
162 409 1
163 52 1
163 57 1
163 91 1
163 110 1
163 136 1
163 140 2
163 186 1
163 348 1
163 395 2
164 3 1
164 22 1
164 60 1
164 86 1
164 135 1
164 140 1
164 158 1
164 180 1
164 435 1
165 23 1
165 67 1
165 98 1
165 103 1
165 141 1
165 161 1
165 192 1
165 196 1
165 555 1
166 24 1
166 26 1
166 98 1
166 111 1
166 113 1
166 134 1
166 178 1
166 194 2
167 22 1
167 46 3
167 107 1
167 113 1
167 116 1
167 135 1
167 452 1
167 532 1
168 45 1
168 64 1
168 121 1
168 122 1
168 127 1
168 148 1
168 172 1
168 188 1
168 189 1
168 195 2
168 586 1
169 17 1
169 61 1
169 63 1
169 114 1
169 149 1
169 175 1
169 184 1
169 206 1
169 351 1
169 433 1
170 1 2
170 7 1
170 25 1
170 40 1
170 48 1
170 51 1
170 88 1
170 94 1
170 110 1
170 111 1
170 183 1
170 279 1
170 532 2
170 540 1
171 3 1
171 4 4
171 19 1
171 34 1
171 56 1
171 84 1
171 90 1
171 97 1
171 126 1
171 127 1
171 129 2
171 132 1
171 151 1
171 189 1
171 255 4
171 301 1
172 65 1
172 73 1
172 114 1
172 127 1
172 132 1
172 142 1
172 177 1
172 194 2
172 225 1
173 43 4
173 94 1
173 119 1
173 128 1
173 149 1
173 191 1
173 289 1
173 347 1
174 17 1
174 22 1
174 36 1
174 61 1
174 92 1
174 101 1
174 102 1
174 121 1
174 144 1
174 148 1
174 198 1
175 20 2
175 38 1
175 160 2
175 169 1
175 186 1
175 229 2
176 57 1
176 70 1
176 71 1
176 111 1
176 119 1
176 129 3
176 138 1
176 148 1
176 153 1
176 407 1
176 480 1
177 37 1
177 44 2
177 78 1
177 79 1
177 89 1
177 123 1
177 124 1
177 255 1
177 371 1
178 11 1
178 47 1
178 59 1
178 63 1
178 70 1
178 130 1
178 153 1
178 181 1
178 196 1
178 199 1
178 208 3
178 293 1
179 6 1
179 48 1
179 64 1
179 95 1
179 159 1
179 313 2
180 13 1
180 52 1
180 53 1
180 58 1
180 82 1
180 186 1
180 508 1
181 65 1
181 108 2
181 144 1
181 167 1
181 178 1
181 190 1
181 195 2
181 228 1
181 496 1
181 549 1
182 6 1
182 13 1
182 38 2
182 48 1
182 64 1
182 77 1
182 104 1
182 195 1
183 8 1
183 19 1
183 71 2
183 74 1
183 153 1
183 468 1
184 17 1
184 28 1
184 65 1
184 80 1
184 135 1
184 148 1
184 160 1
184 169 1
184 182 1
184 185 1
184 223 1
184 243 1
184 384 1
185 53 1
185 114 2
185 184 1
186 7 1
186 57 1
186 77 1
186 88 1
186 120 1
186 137 1
186 167 1
186 180 1
186 197 1
186 273 1
186 282 1
186 341 1
186 563 1
187 82 1
187 104 1
187 118 1
187 139 1
187 142 1
187 186 1
187 359 1
187 382 2
188 18 1
188 25 1
188 38 2
188 62 3
188 122 1
188 150 1
188 234 1
189 15 1
189 24 1
189 49 1
189 73 1
189 91 1
189 135 1
189 157 1
189 465 1
189 560 1
190 28 1
190 72 1
190 78 1
190 158 1
190 176 1
190 181 1
190 519 1
191 43 2
191 46 1
191 102 1
191 118 1
191 130 1
191 145 1
191 156 1
191 176 1
191 249 1
192 26 1
192 100 2
192 139 1
192 154 1
192 165 1
193 4 1
193 18 1
193 19 1
193 29 2
193 58 1
193 100 1
193 101 1
193 154 1
193 216 1
193 260 3
193 491 1
194 2 1
194 78 1
194 98 1
194 144 1
194 166 1
194 172 1
194 584 1
195 21 1
195 76 1
195 94 1
195 106 1
195 129 1
195 168 1
195 198 1
195 346 1
195 384 3
196 24 2
196 32 1
196 53 1
196 69 1
196 88 1
196 89 1
196 104 1
196 123 1
196 134 1
196 165 1
196 190 1
197 1 1
197 27 1
197 34 1
197 54 1
197 67 1
197 77 1
197 116 2
197 379 1
197 441 1
197 461 1
198 23 1
198 49 1
198 73 1
198 79 2
198 108 2
198 195 1
198 389 2
198 473 1
198 549 1
199 42 1
199 54 1
199 84 1
199 126 1
199 178 1
199 378 1
199 575 1
200 39 1
200 215 1
200 251 1
200 257 1
200 270 1
200 295 1
200 313 1
200 360 1
200 364 1
200 374 1
200 386 1
201 316 1
201 496 1
201 507 1
202 19 1
202 186 1
202 252 1
202 280 1
202 281 1
202 307 1
202 317 1
202 331 1
202 355 1
202 469 1
203 144 1
203 214 1
203 236 1
203 299 1
203 303 1
203 334 1
203 350 1
203 365 1
203 588 1
204 298 1
204 310 1
204 315 3
204 359 1
204 367 1
204 378 1
204 379 1
204 389 2
205 33 2
205 231 1
205 275 1
205 340 1
205 344 1
205 352 2
205 353 1
205 384 2
205 397 1
205 398 1
206 169 1
206 213 1
206 222 1
206 246 2
206 257 1
206 274 1
206 287 1
206 299 1
206 300 2
206 306 3
206 320 1
206 367 1
207 4 1
207 222 1
207 248 1
207 252 1
207 261 2
207 294 1
207 359 2
207 378 1
207 510 1
207 530 1
207 563 1
208 158 1
208 178 1
208 267 1
208 296 1
208 311 1
208 316 1
208 376 1
208 506 1
209 40 1
209 131 1
209 134 1
209 214 1
209 222 1
209 225 1
209 272 1
209 277 1
209 281 1
209 282 1
209 308 1
209 326 1
209 353 1
209 380 1
210 218 1
210 219 1
210 231 1
210 265 1
210 303 1
210 317 1
210 324 1
210 341 3
210 343 1
210 383 1
210 390 1
211 28 1
211 260 1
211 350 1
211 381 1
211 389 1
212 215 1
212 253 2
212 256 1
212 259 1
212 267 1
212 310 1
212 343 1
212 357 2
212 363 1
212 538 1
213 206 1
213 218 1
213 230 1
213 243 1
213 290 1
213 331 1
213 338 1
213 434 1
213 599 1
214 203 1
214 224 1
214 243 1
214 253 1
214 282 1
214 307 1
214 327 1
214 332 1
214 343 1
214 354 2
214 356 2
214 373 1
214 379 1
214 380 1
214 443 1
214 481 1
215 86 1
215 200 1
215 212 1
215 297 1
215 312 1
215 313 2
215 336 1
215 339 2
215 371 4
216 159 1
216 286 1
216 313 3
216 319 2
216 344 1
216 349 1
216 362 1
217 200 1
217 214 1
217 265 1
217 333 1
217 351 1
218 58 1
218 152 3
218 210 1
218 221 1
218 239 1
218 259 1
218 301 1
218 305 1
218 311 1
218 312 1
218 346 2
218 364 1
218 369 1
218 407 1
219 130 1
219 210 1
219 226 1
219 253 1
219 269 1
219 337 1
219 355 1
219 496 2
220 4 1
220 206 1
220 207 1
220 230 1
220 257 3
220 265 1
220 286 1
220 338 3
220 341 1
220 363 1
220 365 1
220 384 1
220 396 1
221 40 1
221 155 1
221 222 1
221 274 1
221 279 1
221 304 1
221 341 1
221 359 1
221 480 1
222 160 1
222 206 1
222 207 1
222 210 1
222 221 1
222 257 2
222 276 1
222 322 1
222 354 1
222 384 1
223 135 1
223 258 2
223 276 1
223 293 1
223 310 1
224 209 1
224 263 1
224 275 1
224 297 2
224 318 1
224 385 1
225 169 1
225 172 1
225 209 1
225 236 1
225 264 1
225 316 1
225 337 1
225 376 1
226 219 1
226 253 1
226 272 1
226 286 1
226 312 1
226 328 1
226 349 1
226 522 1
227 43 1
227 80 1
227 119 1
227 207 1
227 236 1
227 240 1
227 244 1
227 323 1
227 336 1
227 349 2
227 350 1
227 415 2
228 95 1
228 181 1
228 192 1
228 328 1
229 145 2
229 175 1
229 201 1
229 259 1
229 267 1
229 268 1
229 300 2
229 301 1
229 307 1
229 330 1
229 343 1
229 351 1
229 368 2
229 393 1
229 395 1
230 25 1
230 31 1
230 163 1
230 213 1
230 220 2
230 266 3
230 278 1
230 283 1
230 340 1
230 345 1
231 205 3
231 210 1
231 270 1
231 287 1
231 303 1
231 308 1
231 350 3
231 357 1
231 364 1
232 58 1
232 115 1
232 281 1
232 310 1
232 334 3
232 363 1
232 364 1
232 371 1
232 521 1
232 538 1
233 245 1
233 252 1
233 275 1
233 300 1
233 307 1
233 312 3
233 318 1
233 348 1
233 358 2
233 362 3
233 387 3
233 395 1
233 457 1
233 496 1
234 268 1
234 324 1
234 388 1
234 447 1
234 593 1
235 135 1
235 137 1
235 246 1
235 257 1
235 303 1
235 369 1
236 225 2
236 250 1
236 256 1
236 271 1
236 298 1
236 376 2
237 262 1
237 312 1
237 324 1
237 326 1
237 359 1
237 363 1
237 373 1
238 248 3
238 254 2
238 282 1
238 288 2
238 297 1
238 316 1
238 321 2
238 337 1
238 358 1
239 218 1
239 228 1
239 249 1
239 270 1
239 353 1
239 358 1
240 221 1
240 227 1
240 241 1
240 258 1
240 273 1
240 286 1
240 298 1
240 310 1
240 313 1
240 482 1
240 508 1
241 220 1
241 238 1
241 240 2
241 252 1
241 263 1
241 273 1
241 280 1
241 328 1
241 361 1
241 485 1
242 19 1
242 224 1
242 237 1
242 271 1
242 310 1
242 380 1
242 381 1
242 382 2
242 441 1
243 159 1
243 213 1
243 214 1
243 223 1
243 354 1
244 211 1
244 227 1
244 329 1
245 233 1
245 255 2
245 281 1
245 289 2
245 300 1
245 303 1
245 308 2
245 327 1
245 344 1
245 366 1
245 372 1
245 383 1
245 395 1
246 206 1
246 211 1
246 224 1
246 247 1
246 331 1
246 342 1
246 394 1
246 516 1
247 98 1
247 249 1
247 319 1
247 336 1
247 339 1
247 366 2
248 238 1
248 259 1
248 267 1
248 271 1
248 281 1
248 313 1
248 341 4
248 365 1
248 571 1
249 191 3
249 226 1
249 239 3
249 247 2
249 261 1
249 308 1
249 309 1
249 325 1
249 348 1
249 369 1
250 28 2
250 159 1
250 236 1
250 238 1
250 260 1
250 271 1
250 313 1
250 321 1
250 357 1
250 359 1
250 363 1
250 395 1
250 398 1
251 234 1
251 323 1
251 379 1
251 383 1
252 99 1
252 233 1
252 241 3
252 286 1
252 307 1
252 328 1
252 359 1
252 578 1
253 212 1
253 258 3
253 319 1
253 365 1
253 374 1
253 591 1
254 228 1
254 238 1
254 302 1
254 338 1
254 345 1
254 365 1
254 371 1
254 386 1
254 578 1
255 116 1
255 171 1
255 177 1
255 245 1
255 276 1
255 298 1
255 363 1
255 581 1
256 212 2
256 236 3
256 254 1
256 267 1
256 270 2
256 293 1
256 311 1
256 408 1
256 451 1
256 510 1
256 558 1
257 206 1
257 220 1
257 222 1
257 297 1
257 337 1
257 349 1
257 379 1
257 380 1
257 522 1
258 154 1
258 213 1
258 223 1
258 253 1
258 257 1
258 316 1
258 340 1
258 372 1
258 387 1
258 584 1
259 212 1
259 218 3
259 341 1
259 366 1
259 394 1
259 396 1
260 193 1
260 250 1
260 280 1
260 331 1
260 364 1
260 381 2
260 535 1
260 552 1
261 207 1
261 286 1
261 288 1
261 334 1
261 486 1
262 7 1
262 152 1
262 218 1
262 235 1
262 243 1
262 270 1
262 276 1
262 350 1
262 352 1
262 383 1
262 574 1
263 224 1
263 238 1
263 241 1
263 264 2
263 274 1
263 379 1
263 398 1
263 408 1
263 599 2
264 106 1
264 263 1
264 325 2
264 327 1
264 339 1
265 84 1
265 204 1
265 210 1
265 217 1
265 304 2
265 318 1
265 326 1
265 348 1
265 363 1
265 366 1
266 230 1
266 337 1
266 352 1
266 429 2
266 432 1
266 563 1
267 208 4
267 248 1
267 256 1
267 280 1
267 298 1
267 307 1
267 449 1
267 462 1
268 226 1
268 269 1
268 290 3
268 305 1
268 338 1
268 538 2
268 559 1
268 598 1
269 266 1
269 268 1
269 289 1
269 299 1
269 332 1
269 359 1
269 371 1
269 387 1
269 398 1
269 432 1
269 567 1
270 200 1
270 231 1
270 256 1
270 262 1
270 274 1
270 283 1
270 294 1
270 328 2
270 336 1
270 343 1
270 345 1
270 367 1
270 372 1
270 375 1
270 382 1
270 384 1
270 398 1
270 515 1
270 543 1
270 554 1
271 221 1
271 236 1
271 245 1
271 248 1
271 250 1
271 288 1
271 298 1
271 311 1
271 335 3
271 365 1
271 371 1
271 377 2
272 209 1
272 228 1
272 283 1
272 307 1
272 314 1
272 367 1
272 382 1
272 419 1
272 572 1
273 207 1
273 240 1
273 241 1
273 308 1
273 312 2
273 342 1
273 374 1
273 389 1
273 392 1
273 397 1
274 120 1
274 206 2
274 262 1
274 270 1
274 280 1
274 295 1
274 301 1
274 312 1
274 317 1
274 319 1
274 345 1
274 397 1
274 398 1
274 549 1
275 134 1
275 233 3
275 269 1
275 295 1
275 356 1
275 393 1
276 216 1
276 223 1
276 255 1
276 314 1
276 337 1
276 354 1
276 356 1
276 366 1
277 24 1
277 53 1
277 260 1
277 379 2
277 391 1
277 454 1
278 219 1
278 288 1
278 307 1
278 352 1
278 355 1
278 368 1
278 372 1
278 377 1
278 380 1
279 94 1
279 170 2
279 221 2
279 270 1
279 319 1
279 343 1
279 355 1
279 357 1
280 64 1
280 72 1
280 82 1
280 202 1
280 260 1
280 267 1
280 274 2
280 284 1
280 355 1
280 362 1
280 370 1
280 380 3
281 154 1
281 202 1
281 209 3
281 232 1
281 245 1
281 341 1
282 106 1
282 186 1
282 209 2
282 246 1
282 286 1
282 309 2
282 310 2
282 317 1
282 323 1
282 337 1
282 392 1
282 551 1
283 50 3
283 85 1
283 230 1
283 274 1
283 330 1
283 332 1
283 370 1
283 378 1
284 229 1
284 280 1
284 325 1
285 7 2
285 228 1
285 304 1
285 307 1
285 310 1
285 312 1
285 341 1
285 345 2
286 53 1
286 220 1
286 252 1
286 282 1
286 296 1
286 301 1
286 304 2
286 331 1
286 367 1
286 370 1
286 372 1
286 398 1
287 223 1
287 230 1
287 231 1
287 303 1
287 309 1
287 339 1
287 347 1
287 349 1
287 361 1
287 398 1
287 483 1
288 204 1
288 225 1
288 238 1
288 261 1
288 278 1
288 311 1
288 341 1
288 346 1
288 349 1
288 364 1
288 435 1
289 5 1
289 137 1
289 216 1
289 245 1
289 269 1
289 273 1
289 316 1
289 326 2
289 330 2
289 379 1
289 383 1
289 427 1
290 25 1
290 217 1
290 266 1
290 268 1
290 304 2
290 341 1
290 342 1
290 380 1
290 576 2
291 207 1
291 331 1
291 345 3
291 352 1
291 399 1
291 417 1
291 429 1
292 242 1
292 283 1
292 300 1
292 326 1
292 333 1
292 379 1
292 397 1
293 178 1
293 200 1
293 223 1
293 256 3
293 319 1
293 357 1
293 376 1
293 381 1
293 394 1
293 397 1
293 411 1
294 267 1
294 270 1
294 302 1
294 339 1
294 399 1
295 200 1
295 246 1
295 271 1
295 273 1
295 274 1
295 277 1
295 296 5
295 338 1
295 388 1
295 414 1
295 553 1
295 577 1
296 29 1
296 208 1
296 222 1
296 286 2
296 295 1
296 301 1
296 309 2
296 321 3
296 350 1
296 369 1
296 385 1
297 62 1
297 90 1
297 215 1
297 220 1
297 224 1
297 238 1
297 313 1
297 320 2
297 330 1
297 334 1
297 388 1
298 61 1
298 142 1
298 204 1
298 208 1
298 236 1
298 240 1
298 267 2
298 290 1
298 336 1
298 399 1
298 481 3
299 206 1
299 213 1
299 388 1
299 426 1
300 76 1
300 206 1
300 228 1
300 229 2
300 233 3
300 250 1
300 267 1
300 281 1
300 295 1
300 392 1
300 581 1
301 171 1
301 204 1
301 215 1
301 218 1
301 286 1
301 296 2
301 303 1
301 313 1
301 323 1
301 497 3
302 32 2
302 55 1
302 254 1
302 301 1
302 304 1
302 317 1
302 335 1
302 573 1
302 584 1
303 101 1
303 203 1
303 231 4
303 245 1
303 301 1
303 305 1
303 319 1
303 333 1
303 358 1
303 359 1
304 62 1
304 221 1
304 263 1
304 265 1
304 286 1
304 290 1
304 378 1
304 392 1
305 5 1
305 208 1
305 218 5
305 236 1
305 268 3
305 285 1
305 289 1
305 303 1
305 368 1
305 391 1
306 206 1
306 318 1
306 321 1
306 325 1
306 337 1
306 382 1
307 148 1
307 202 2
307 214 1
307 229 1
307 252 3
307 267 2
307 272 2
307 296 1
307 338 2
307 447 1
307 492 1
307 576 1
308 273 1
308 316 1
308 361 1
308 362 1
308 366 2
308 367 2
308 369 1
308 396 1
308 538 1
309 15 1
309 282 1
309 334 4
309 340 1
309 348 1
309 395 2
309 550 1
309 587 1
310 44 1
310 212 1
310 231 1
310 232 1
310 282 1
310 285 1
310 330 1
310 349 1
310 359 1
310 529 1
310 548 1
311 224 1
311 256 1
311 275 1
311 284 1
311 309 1
311 316 1
311 325 2
311 355 1
311 359 2
311 552 1
312 233 1
312 237 2
312 270 1
312 273 1
312 274 1
312 313 1
312 366 1
312 374 1
313 179 1
313 215 1
313 216 1
313 217 1
313 235 1
313 243 1
313 248 1
313 297 1
313 301 1
313 311 1
313 312 1
313 326 1
313 347 1
313 370 2
313 379 1
313 380 1
313 396 1
313 453 1
314 90 1
314 207 1
314 276 2
314 299 1
314 321 1
314 334 1
314 372 1
314 410 1
315 204 2
315 338 1
315 567 1
316 128 1
316 201 1
316 238 2
316 305 1
316 308 1
316 318 1
316 328 1
316 334 2
316 357 2
316 374 1
316 382 1
316 454 1
317 202 1
317 210 1
317 244 1
317 274 1
317 288 1
317 301 1
317 302 2
317 521 1
318 233 2
318 254 1
318 319 1
318 365 2
318 376 1
319 196 1
319 216 1
319 279 1
319 293 1
319 303 3
319 318 2
319 346 1
319 383 1
319 394 1
319 396 2
319 563 1
320 105 1
320 206 1
320 297 1
320 307 1
320 316 1
320 336 1
320 339 1
320 394 1
320 396 1
321 81 1
321 204 1
321 220 1
321 238 1
321 250 1
321 296 1
321 306 1
321 314 3
321 348 1
322 58 1
322 222 1
322 303 1
322 335 1
322 342 1
322 358 1
322 367 1
322 377 1
322 394 1
322 397 1
322 404 1
322 415 1
322 491 1
322 507 1
323 207 1
323 227 1
323 251 2
323 282 1
323 292 1
323 301 1
323 310 1
323 367 1
323 373 1
323 562 1
324 210 2
324 234 1
324 237 1
324 282 1
324 375 2
324 377 1
324 389 1
324 525 1
325 82 2
325 152 1
325 246 1
325 249 1
325 264 1
325 265 1
325 311 1
325 332 1
325 341 1
325 372 3
325 435 1
325 472 1
326 104 1
326 237 2
326 254 1
326 265 1
326 289 1
326 292 1
326 313 1
326 347 1
326 369 1
326 392 2
327 156 1
327 236 1
327 257 1
327 339 1
327 345 1
327 361 1
327 387 1
328 111 1
328 252 1
328 270 1
328 316 1
328 374 1
328 375 1
328 387 1
328 403 1
329 217 1
329 244 2
329 281 1
329 305 1
329 363 1
329 399 1
330 69 1
330 229 1
330 232 1
330 282 1
330 283 1
330 289 1
330 297 1
330 316 1
330 390 1
330 474 1
331 213 1
331 219 1
331 233 1
331 246 1
331 260 2
331 291 1
331 357 1
331 378 1
331 396 1
331 428 1
332 48 1
332 269 2
332 272 1
332 283 1
332 325 1
332 341 1
332 342 1
332 366 1
333 88 1
333 217 3
333 255 1
333 303 1
333 336 1
333 343 1
334 18 1
334 20 1
334 25 1
334 203 1
334 232 1
334 259 1
334 261 1
334 297 1
334 309 2
334 316 1
334 319 1
334 369 1
334 493 1
334 584 1
335 233 1
335 271 1
335 302 1
335 322 1
336 205 1
336 215 1
336 240 1
336 246 1
336 247 3
336 270 1
336 320 3
336 374 1
336 397 1
336 494 2
337 219 3
337 225 1
337 257 1
337 282 1
337 303 1
337 306 2
337 384 1
338 111 1
338 213 2
338 220 1
338 241 1
338 280 1
338 307 5
338 312 1
338 315 1
338 359 3
338 392 1
339 215 2
339 264 1
339 267 1
339 294 1
339 310 1
339 327 1
339 335 1
339 368 1
339 426 1
340 12 1
340 20 1
340 202 1
340 230 1
340 258 1
340 309 1
340 325 1
340 454 1
340 555 1
341 186 1
341 206 1
341 210 1
341 248 1
341 259 1
341 274 1
341 281 1
341 288 1
341 321 1
341 325 1
341 332 1
341 346 1
341 350 1
341 398 1
341 516 2
342 229 1
342 238 1
342 290 2
342 308 1
342 309 1
342 339 1
342 345 1
342 347 1
342 443 1
342 507 1
342 549 1
342 574 1
343 210 1
343 214 1
343 270 1
343 297 1
343 346 1
343 350 1
343 351 1
344 205 1
344 234 1
344 245 1
344 391 1
344 394 1
344 484 1
345 138 1
345 208 1
345 230 1
345 238 1
345 244 1
345 247 1
345 270 1
345 274 1
345 285 1
345 291 1
345 321 1
345 327 1
345 330 1
345 342 1
345 357 1
345 363 1
345 364 1
346 195 1
346 218 1
346 329 1
346 341 1
346 343 1
346 382 1
346 505 1
347 173 1
347 266 1
347 313 1
347 342 1
347 364 1
347 410 1
347 446 1
347 593 1
348 21 1
348 151 1
348 217 1
348 233 1
348 265 1
348 321 1
348 363 3
348 449 1
349 85 1
349 216 1
349 226 1
349 227 1
349 257 1
349 287 2
349 288 1
349 310 1
349 378 1
349 381 1
349 395 1
350 203 2
350 211 1
350 227 1
350 231 1
350 370 1
351 175 1
351 217 1
351 222 1
351 292 1
351 331 1
351 343 1
351 370 1
351 385 1
351 579 1
352 160 1
352 205 1
352 206 1
352 210 1
352 259 1
352 262 1
352 278 2
352 291 1
352 310 1
352 391 1
353 258 1
353 340 1
353 349 1
353 359 1
353 367 2
353 368 1
353 411 3
354 214 1
354 222 1
354 255 1
354 276 1
354 374 1
355 131 1
355 141 1
355 202 1
355 278 1
355 279 1
355 311 1
355 357 1
355 383 2
355 428 3
355 548 1
355 594 1
356 63 1
356 66 1
356 81 1
356 214 1
356 220 1
356 276 1
356 319 1
356 327 1
356 358 2
356 363 1
356 364 1
356 385 1
356 454 1
357 25 1
357 151 1
357 212 1
357 293 1
357 316 1
357 355 2
357 367 1
357 379 1
358 233 1
358 238 3
358 291 1
358 303 1
358 356 1
358 371 2
358 376 1
358 399 1
359 3 1
359 187 3
359 207 1
359 221 1
359 240 1
359 250 1
359 269 2
359 303 1
359 310 1
359 311 1
359 338 2
359 365 1
359 376 1
360 200 1
360 359 1
361 95 3
361 241 1
361 287 1
361 297 1
361 327 1
362 176 1
362 216 1
362 233 1
362 235 1
362 280 1
362 375 1
362 380 1
362 386 1
362 390 1
362 528 1
362 575 1
363 220 2
363 228 1
363 255 1
363 265 1
363 322 1
363 329 1
363 348 1
363 356 1
364 101 1
364 200 1
364 231 1
364 239 1
364 260 1
364 287 1
364 304 1
364 345 1
364 347 1
364 365 1
364 377 1
364 411 1
364 440 1
364 534 1
365 203 1
365 222 1
365 241 1
365 248 1
365 253 3
365 254 6
365 268 1
365 269 1
365 280 1
365 289 1
365 318 1
365 359 1
365 364 2
365 373 1
365 375 1
365 392 1
366 245 1
366 247 1
366 259 1
366 265 1
366 276 1
366 308 1
366 312 1
366 315 1
366 320 1
366 373 1
366 378 1
366 576 1
367 149 1
367 204 1
367 206 1
367 270 2
367 272 1
367 308 2
367 322 1
367 323 1
367 353 1
367 357 1
367 426 2
367 479 1
367 555 1
368 50 2
368 200 1
368 220 1
368 229 1
368 238 1
368 278 1
368 299 1
368 305 3
368 338 1
368 339 2
368 353 1
368 375 3
368 391 2
369 218 3
369 221 1
369 235 1
369 249 1
369 282 1
369 308 3
369 326 3
369 331 1
369 334 2
369 384 2
369 392 2
369 398 1
369 401 1
370 280 1
370 286 1
370 313 1
370 350 1
370 395 1
371 150 1
371 177 1
371 215 1
371 224 1
371 232 1
371 254 1
371 269 2
371 271 1
371 358 1
371 382 1
371 395 1
371 441 1
371 487 1
372 168 1
372 245 1
372 270 1
372 278 2
372 314 1
372 325 1
373 237 1
373 261 1
373 266 1
373 329 1
373 388 1
373 391 1
374 200 1
374 251 1
374 253 1
374 254 1
374 271 1
374 280 1
374 312 1
374 316 1
374 328 3
374 359 1
374 373 1
374 499 1
375 208 1
375 270 1
375 271 1
375 324 1
375 328 2
375 368 2
376 208 1
376 225 1
376 236 1
376 293 1
376 358 2
376 359 1
377 271 1
377 278 1
377 322 1
377 324 1
377 364 1
377 389 1
378 199 2
378 239 1
378 283 1
378 300 1
378 304 1
378 331 1
378 366 1
378 388 1
378 539 1
379 156 1
379 197 1
379 214 1
379 251 1
379 257 1
379 277 1
379 289 1
379 392 1
380 103 1
380 257 1
380 278 1
380 280 1
380 291 1
380 304 1
380 345 1
380 362 1
380 399 1
381 178 1
381 202 1
381 211 1
381 242 1
381 260 1
381 349 1
381 386 1
381 548 1
381 584 1
382 5 1
382 187 1
382 242 1
382 270 3
382 271 1
382 272 1
382 316 1
382 371 1
382 385 1
383 210 1
383 245 1
383 262 4
383 289 1
383 319 1
383 341 1
383 355 1
383 385 1
383 593 1
383 595 1
384 184 1
384 195 1
384 204 1
384 205 1
384 217 1
384 224 1
384 270 1
384 279 1
384 288 1
384 366 1
384 369 1
384 377 1
384 378 2
384 512 1
385 55 1
385 99 1
385 224 1
385 234 1
385 250 1
385 282 1
385 309 1
385 322 1
385 329 1
385 356 1
385 478 3
386 15 1
386 254 1
386 362 1
386 373 1
386 377 1
386 381 3
387 233 2
387 258 1
387 316 1
387 328 1
387 349 1
387 390 2
387 395 1
387 396 1
387 550 1
388 3 1
388 117 1
388 297 1
388 316 1
388 378 1
388 461 1
389 11 1
389 61 1
389 159 1
389 198 1
389 204 1
389 211 4
389 273 3
389 324 2
389 377 2
390 210 1
390 218 1
390 231 1
390 330 2
390 367 1
390 387 1
391 226 1
391 277 1
391 319 1
391 344 1
391 358 1
391 368 1
391 460 1
392 169 1
392 271 1
392 273 1
392 282 1
392 326 1
392 337 1
392 338 2
392 345 1
392 362 1
392 369 1
392 379 1
392 393 1
392 394 2
392 396 1
392 540 1
393 212 1
393 228 1
393 229 1
393 275 2
393 392 1
394 246 1
394 247 1
394 293 1
394 319 3
394 322 1
394 334 1
394 350 1
394 392 1
395 43 1
395 78 1
395 163 1
395 229 1
395 245 1
395 246 1
395 309 1
395 343 1
395 353 1
395 384 1
395 387 1
395 394 1
396 63 1
396 217 1
396 233 1
396 246 1
396 259 1
396 308 2
396 319 1
396 320 1
396 331 1
396 332 1
396 361 1
396 377 1
396 392 1
396 437 1
397 15 1
397 205 1
397 274 1
397 292 1
397 320 1
397 336 1
397 529 1
398 211 1
398 270 1
398 276 1
398 287 2
398 327 1
398 367 1
398 524 1
399 94 1
399 206 1
399 263 1
399 291 1
399 294 5
399 301 1
399 341 1
399 358 1
399 370 1
399 377 1
399 380 1
400 132 1
400 419 1
400 430 1
400 433 1
400 436 1
400 444 1
400 502 1
400 550 1
400 577 1
400 589 1
400 593 1
400 597 1
401 93 1
401 369 1
401 424 1
401 501 1
401 518 1
401 524 1
402 276 1
402 410 1
402 417 1
402 468 1
402 531 1
402 532 1
402 568 1
403 328 2
403 563 1
404 6 1
404 35 1
404 87 1
404 97 1
404 149 1
404 322 1
404 420 1
404 460 1
404 461 1
404 486 1
404 506 1
404 525 1
405 414 1
405 426 1
405 445 1
405 459 2
405 485 1
405 506 1
405 531 1
405 544 1
405 593 1
405 596 1
406 110 1
406 160 1
406 241 1
406 258 1
406 431 1
406 575 1
407 408 1
407 441 1
407 475 1
407 500 1
407 532 1
407 535 1
407 567 1
407 592 1
408 256 1
408 263 2
408 433 1
408 460 1
408 495 1
408 542 1
409 473 1
409 488 1
409 505 2
409 573 3
409 579 1
410 74 1
410 314 1
410 347 1
410 414 3
410 418 2
410 422 1
410 439 1
410 454 1
410 455 1
410 470 1
410 473 2
410 484 1
410 494 1
410 537 2
410 549 1
410 552 1
410 590 1
410 596 1
411 32 1
411 293 2
411 353 1
411 364 1
411 404 1
411 424 1
411 428 1
411 452 2
411 472 1
411 474 1
411 477 1
412 415 1
412 465 1
412 488 2
412 516 1
412 525 1
412 546 1
412 593 1
413 116 1
413 414 1
413 443 1
414 410 1
414 413 1
414 441 5
414 487 1
414 509 2
414 530 1
414 565 1
415 227 1
415 412 1
415 423 1
415 440 1
415 477 1
415 490 1
415 526 1
416 442 1
416 483 1
416 509 1
416 557 1
417 29 1
417 69 1
417 451 1
417 463 2
417 481 1
417 488 1
417 506 1
417 529 1
417 543 1
417 553 1
417 556 1
418 89 1
418 336 1
418 410 1
418 448 2
418 461 1
418 478 1
418 552 1
419 161 1
419 272 1
419 400 1
419 414 1
419 421 1
419 439 1
419 456 2
419 510 1
419 561 1
419 595 1
420 0 1
420 268 1
420 404 1
420 488 1
420 510 2
420 526 1
420 584 2
420 592 1
421 68 1
421 419 1
421 423 1
421 435 1
421 459 1
421 477 2
421 502 1
421 529 1
421 564 1
422 410 1
422 458 1
422 465 2
422 491 1
422 555 1
422 587 1
423 415 1
423 421 1
423 426 1
423 497 1
423 509 1
423 558 1
423 561 1
423 569 1
424 224 1
424 266 1
424 411 2
424 428 1
424 448 2
424 503 1
424 515 1
424 528 1
424 572 1
424 577 1
424 598 1
425 437 1
425 471 1
425 525 1
425 538 1
425 563 1
425 564 1
426 39 1
426 299 1
426 367 1
426 405 2
426 412 1
426 423 1
426 486 1
426 529 1
426 547 2
426 584 1
427 98 1
427 443 1
427 546 1
428 43 1
428 355 1
428 411 4
428 432 1
428 472 1
428 486 1
428 512 1
428 558 1
428 591 3
428 595 1
429 61 1
429 266 1
429 291 2
429 474 1
429 490 1
429 496 1
429 514 1
429 526 1
429 530 1
429 566 1
429 567 1
429 574 2
429 598 2
429 599 1
430 6 1
430 92 2
430 334 1
430 445 1
430 459 1
430 466 1
430 470 1
430 478 1
430 517 1
430 523 1
431 406 1
431 461 2
431 481 1
431 517 1
431 527 1
431 539 1
431 599 1
432 266 1
432 269 2
432 417 1
432 470 1
432 480 1
432 506 1
432 563 1
432 598 1
433 169 1
433 400 1
433 467 1
433 513 1
433 516 1
434 213 1
434 443 1
434 502 1
434 537 1
434 542 1
435 164 1
435 288 2
435 325 1
435 433 1
435 506 1
435 507 1
435 518 1
435 589 1
436 359 1
436 400 1
436 447 1
436 476 1
436 479 1
436 588 1
437 307 1
437 425 1
437 431 1
437 462 1
437 532 1
437 563 1
437 595 1
438 408 1
438 440 1
438 446 1
438 491 1
438 538 1
438 581 2
438 585 1
439 374 1
439 419 1
439 442 1
439 492 1
439 513 1
440 364 1
440 411 1
440 415 1
440 451 1
440 464 1
440 468 3
440 480 1
440 493 1
440 539 1
440 544 1
440 596 1
441 26 1
441 242 1
441 308 1
441 371 1
441 414 1
441 417 1
441 429 1
441 455 2
441 477 1
441 478 1
441 495 1
441 515 3
441 520 1
441 522 1
441 526 1
441 543 1
441 549 1
441 554 1
441 555 1
441 563 1
441 566 1
441 586 1
442 228 1
442 427 1
442 439 1
442 447 4
442 466 2
442 467 1
442 481 1
442 523 1
442 534 1
442 573 1
442 576 1
443 214 2
443 342 2
443 434 1
443 450 1
443 534 2
443 563 1
443 572 1
444 408 1
444 436 1
444 492 1
444 530 2
444 539 1
445 23 1
445 580 1
445 586 1
445 590 1
446 347 1
446 402 1
446 409 1
446 438 1
446 449 1
446 503 1
446 526 2
446 546 1
447 203 1
447 303 1
447 307 1
447 410 1
447 442 2
447 517 1
447 561 3
447 564 1
447 587 1
448 74 1
448 179 1
448 266 1
448 407 1
448 418 1
448 424 1
448 520 1
448 541 1
448 563 1
449 122 1
449 159 1
449 300 1
449 409 1
449 457 1
449 458 1
449 492 2
449 502 1
449 542 5
449 569 1
449 597 1
450 418 1
450 442 1
450 453 1
450 487 1
450 497 1
451 256 1
451 417 1
451 435 1
451 448 1
451 472 1
451 566 2
451 596 1
452 167 1
452 411 1
452 454 1
452 457 1
452 466 1
452 483 1
452 522 1
452 533 1
452 591 1
453 262 1
453 313 1
453 408 1
453 419 1
453 450 1
453 493 1
453 515 1
453 532 1
453 535 1
454 27 1
454 140 1
454 277 1
454 316 2
454 356 1
454 410 2
454 501 1
454 514 1
454 546 1
454 547 1
454 566 1
454 585 1
455 410 1
455 441 1
455 483 1
455 512 2
455 552 1
455 557 1
455 579 2
456 52 1
456 419 1
456 459 1
456 471 1
456 496 1
456 518 1
457 126 1
457 449 1
457 508 1
457 527 1
457 566 1
458 1 1
458 32 3
458 431 1
458 440 1
458 449 1
458 466 1
458 468 1
458 489 1
458 492 1
458 506 2
458 533 1
458 538 1
458 571 1
459 405 1
459 421 2
459 430 1
459 465 1
459 514 1
459 520 1
459 535 4
459 547 1
459 574 1
460 266 1
460 391 1
460 408 1
460 456 1
460 473 1
460 487 1
460 516 1
460 525 1
460 533 1
460 535 1
460 537 1
460 547 1
460 562 1
461 388 1
461 404 1
461 418 2
461 430 1
461 431 1
461 445 1
461 518 1
461 557 1
461 564 1
462 267 1
462 437 1
462 474 2
462 488 1
462 506 1
462 543 1
462 558 1
462 577 1
462 592 3
463 410 1
463 417 1
463 491 1
463 499 1
463 505 1
463 514 1
463 527 1
463 542 1
463 581 1
464 451 1
464 471 2
464 479 1
464 516 3
464 524 1
464 564 1
464 582 1
464 592 1
465 41 1
465 46 1
465 122 1
465 158 1
465 189 1
465 422 1
465 423 1
465 450 1
465 476 1
465 492 1
465 495 1
465 543 1
465 544 1
465 589 1
465 591 1
466 4 1
466 310 1
466 415 1
466 430 1
466 458 3
466 488 2
466 533 1
466 590 1
467 122 2
467 433 3
467 442 1
467 489 1
467 515 1
467 565 1
467 571 1
467 579 1
467 585 1
467 589 1
468 402 1
468 440 1
468 458 1
468 469 1
468 512 2
468 522 1
468 546 1
468 585 1
468 593 1
468 594 1
469 294 1
469 482 1
469 492 1
469 506 1
469 545 1
469 551 2
469 570 1
469 573 2
470 337 1
470 349 1
470 377 1
470 430 1
470 432 1
470 560 1
470 571 1
471 464 1
471 529 1
471 547 1
471 552 1
471 590 1
471 591 1
471 593 1
472 131 1
472 325 1
472 330 1
472 411 1
472 428 1
472 509 1
472 511 1
472 517 1
472 533 1
472 589 1
473 409 1
473 410 1
473 460 1
473 528 1
473 529 1
473 584 1
473 595 1
474 330 2
474 411 1
474 429 1
474 431 1
474 462 1
474 482 1
474 487 1
474 505 1
474 529 1
474 549 1
474 594 1
474 595 1
475 0 1
475 339 1
475 466 1
475 597 1
475 599 1
476 188 1
476 282 1
476 419 1
476 465 1
476 492 1
476 526 1
476 527 2
476 530 1
476 548 1
476 559 1
477 49 1
477 278 1
477 411 1
477 421 4
477 510 1
478 92 1
478 122 1
478 175 1
478 385 1
478 430 1
478 470 1
478 504 1
478 523 2
478 530 1
478 558 2
478 581 1
479 367 1
479 436 1
479 481 1
479 483 1
479 534 1
479 540 1
479 560 1
479 588 2
479 593 1
480 73 2
480 432 1
480 440 2
480 447 1
480 515 1
480 539 1
481 155 1
481 298 1
481 431 1
481 479 1
481 509 1
481 541 1
481 555 1
482 420 1
482 436 1
482 447 1
482 474 1
482 520 1
482 527 2
482 560 1
482 584 1
482 585 1
483 452 1
483 455 1
483 496 1
483 518 1
483 527 1
483 573 1
483 595 1
484 167 1
484 496 1
484 568 1
484 585 1
485 146 3
485 405 1
485 446 1
485 507 1
485 509 1
485 522 1
485 595 2
486 261 1
486 402 1
486 404 1
486 417 1
486 428 1
486 499 1
486 517 1
486 570 1
486 594 1
486 599 2
487 72 1
487 430 1
487 443 1
487 450 1
487 474 1
487 542 3
487 562 1
487 570 1
487 573 1
488 14 1
488 409 1
488 412 1
488 420 3
488 449 1
488 466 1
488 494 1
488 535 1
488 544 1
488 549 1
488 567 1
488 572 1
489 458 2
489 467 1
489 478 1
489 497 1
489 531 1
489 545 1
489 552 1
489 567 1
490 415 1
490 421 1
490 429 2
490 461 1
490 529 1
490 596 2
491 193 1
491 402 1
491 422 1
491 438 2
491 442 1
491 463 1
491 514 2
491 519 2
491 551 1
491 574 1
492 66 1
492 444 1
492 449 1
492 458 1
492 528 1
492 562 1
492 571 1
493 440 1
493 453 1
493 483 1
493 502 1
493 538 1
493 581 2
493 595 1
494 81 1
494 254 1
494 336 1
494 410 1
494 488 2
494 515 1
494 528 1
494 539 1
495 441 1
495 465 2
495 484 1
495 513 1
495 522 1
495 599 1
496 83 1
496 181 1
496 201 3
496 219 1
496 233 2
496 409 1
496 429 2
496 442 1
496 454 1
496 456 4
496 483 1
496 484 1
496 503 1
496 544 1
496 548 1
496 582 1
496 587 1
496 599 1
497 3 2
497 301 1
497 366 1
497 417 1
497 423 1
497 450 2
497 489 1
497 545 3
497 575 1
497 580 1
497 581 1
497 586 1
497 589 1
498 476 1
498 512 1
498 515 2
498 541 3
498 560 1
499 374 1
499 446 1
499 481 1
499 506 1
499 511 2
499 524 1
499 554 1
499 555 1
499 578 1
500 220 1
500 407 1
500 459 1
500 553 2
500 558 1
500 590 1
500 598 1
501 124 1
501 403 1
501 446 1
501 454 2
501 555 1
502 413 1
502 421 1
502 439 1
502 457 1
502 473 1
502 486 1
502 503 1
502 510 1
502 512 2
502 545 2
502 585 1
503 413 1
503 505 1
503 521 1
503 543 1
503 546 1
503 571 1
504 228 1
504 459 1
504 478 1
504 502 1
504 526 2
504 539 1
504 577 1
504 578 2
505 56 4
505 408 1
505 409 1
505 441 1
505 463 1
505 503 1
505 586 1
506 7 1
506 115 3
506 180 1
506 208 1
506 256 1
506 330 1
506 404 1
506 417 1
506 432 1
506 441 1
506 458 1
506 469 1
506 496 1
506 499 4
506 529 1
506 530 2
506 543 1
506 573 1
506 588 1
507 157 1
507 185 1
507 201 2
507 250 1
507 322 1
507 342 1
507 485 1
507 519 1
507 522 1
507 544 1
507 582 2
507 597 1
508 180 3
508 401 1
508 402 1
508 417 1
508 446 1
508 457 1
508 523 1
508 591 1
508 592 1
509 414 1
509 416 1
509 423 1
509 485 1
509 511 1
509 528 1
509 548 1
509 560 4
510 80 1
510 106 1
510 207 1
510 256 1
510 419 1
510 477 1
510 502 4
510 538 2
510 544 1
510 557 1
510 558 1
511 449 1
511 472 1
511 499 1
511 509 1
511 525 1
511 543 4
511 552 1
511 573 1
511 574 1
512 162 1
512 262 1
512 340 1
512 384 1
512 426 1
512 428 1
512 455 1
512 468 1
512 491 1
512 498 1
512 502 1
512 514 1
512 531 1
512 554 1
512 564 1
512 598 1
513 433 1
513 439 1
513 450 1
513 540 1
514 441 1
514 448 1
514 454 2
514 459 2
514 463 2
514 491 1
514 564 1
514 574 1
514 580 1
514 588 1
514 593 1
514 595 1
514 597 1
515 159 2
515 199 1
515 270 1
515 424 1
515 441 1
515 480 1
515 498 1
515 528 1
515 566 1
515 575 1
515 586 1
515 595 1
516 246 2
516 341 1
516 433 1
516 464 1
516 474 1
516 534 1
516 535 1
516 573 1
516 579 1
516 582 1
516 593 1
517 441 1
517 447 2
517 472 1
517 486 1
517 536 1
517 543 1
518 424 1
518 435 3
518 438 1
518 461 1
518 494 1
518 526 1
518 540 1
518 549 1
519 36 1
519 72 2
519 403 1
519 447 1
519 477 1
519 532 2
519 536 2
520 104 1
520 244 1
520 448 1
520 482 4
520 560 1
521 232 1
521 317 1
521 466 1
521 501 1
521 534 1
522 226 1
522 257 3
522 452 1
522 461 1
522 468 1
522 484 1
522 485 1
522 507 1
522 525 1
522 530 2
522 550 1
522 558 1
522 588 1
523 407 1
523 444 1
523 478 1
523 508 2
523 566 1
523 586 1
523 592 1
524 1 1
524 27 1
524 32 1
524 149 1
524 154 1
524 398 1
524 401 1
524 461 1
524 464 1
524 490 1
524 499 1
524 535 1
524 550 1
524 566 1
524 577 1
525 324 1
525 412 2
525 445 1
525 511 1
525 516 1
525 532 1
525 558 1
526 420 1
526 429 1
526 446 1
526 468 1
526 476 2
526 477 1
526 504 1
526 509 1
526 553 1
526 554 1
526 595 1
527 409 1
527 431 1
527 459 1
527 463 1
527 476 1
527 482 1
527 542 1
528 168 1
528 314 1
528 362 1
528 405 1
528 424 1
528 447 1
528 473 2
528 494 2
528 509 1
528 515 1
528 574 1
528 576 1
528 599 2
529 397 1
529 417 2
529 421 1
529 426 1
529 473 1
529 490 2
529 541 2
529 561 1
530 154 1
530 207 1
530 377 1
530 414 1
530 425 1
530 429 1
530 443 2
530 444 2
530 466 1
530 476 1
530 478 1
530 497 1
530 506 2
530 522 1
530 532 1
530 562 1
530 570 1
530 595 1
531 161 1
531 402 1
531 418 1
531 447 1
531 493 1
531 537 1
531 578 1
531 581 1
532 2 1
532 92 1
532 170 1
532 402 1
532 407 1
532 437 2
532 453 1
532 513 1
532 519 1
532 584 1
533 441 1
533 452 2
533 458 1
533 460 1
533 472 1
533 524 2
533 546 1
533 565 1
533 567 1
534 63 1
534 364 1
534 443 1
534 479 2
534 516 1
534 521 1
534 538 1
534 587 1
534 594 1
535 260 1
535 407 1
535 453 1
535 459 1
535 460 1
535 536 2
535 555 3
535 565 1
535 584 1
536 466 1
536 517 1
536 519 1
536 535 1
536 562 1
536 576 1
536 589 1
536 590 1
537 44 1
537 272 1
537 417 1
537 434 1
537 460 1
537 504 1
537 531 1
537 535 1
537 543 1
537 557 1
537 583 1
537 594 1
538 212 3
538 232 1
538 268 1
538 308 3
538 413 1
538 414 1
538 425 1
538 438 2
538 441 1
538 458 3
538 493 1
538 510 1
538 568 1
538 583 1
539 97 1
539 378 2
539 420 1
539 426 1
539 427 1
539 434 1
539 440 1
539 444 2
539 480 1
539 504 1
539 534 1
539 554 1
539 563 1
539 595 2
540 170 1
540 504 1
540 518 2
540 524 1
540 544 1
540 547 2
540 599 1
541 481 1
541 498 1
541 529 1
541 586 1
541 595 3
542 253 1
542 434 1
542 443 1
542 449 2
542 478 1
542 479 1
542 487 1
542 527 1
542 551 2
542 557 1
542 559 1
542 565 1
542 566 1
543 78 1
543 270 1
543 410 1
543 417 1
543 462 2
543 465 1
543 506 2
543 511 1
543 517 1
543 537 1
543 538 1
543 578 1
543 587 1
544 159 1
544 405 1
544 440 3
544 465 1
544 488 2
544 496 1
544 510 1
544 567 2
544 576 2
544 591 1
544 592 1
545 133 2
545 403 1
545 445 1
545 459 1
545 478 1
545 489 1
545 497 1
545 502 1
545 565 1
545 572 1
545 574 2
545 599 1
546 152 1
546 412 2
546 446 1
546 468 1
546 503 1
546 516 1
546 567 1
546 590 1
547 426 1
547 460 1
547 540 1
547 542 1
547 553 1
547 568 1
547 583 1
548 102 2
548 310 1
548 428 1
548 445 1
548 476 1
548 509 1
549 13 1
549 65 1
549 81 2
549 91 1
549 142 1
549 181 2
549 198 1
549 274 3
549 342 1
549 409 1
549 474 3
549 478 1
549 488 1
549 551 1
549 580 1
549 592 2
550 329 1
550 387 1
550 437 1
550 442 1
550 522 1
550 524 1
551 127 1
551 282 1
551 411 1
551 426 1
551 469 1
551 476 1
551 519 1
551 542 1
551 549 1
551 559 1
551 598 2
552 73 1
552 410 2
552 418 1
552 461 1
552 489 1
552 511 2
552 544 1
552 554 1
552 581 1
553 213 1
553 417 3
553 500 1
553 526 2
553 547 2
553 568 2
553 571 1
554 270 1
554 413 1
554 499 1
554 512 1
554 539 1
554 558 1
554 595 1
555 165 1
555 340 1
555 407 1
555 422 4
555 444 1
555 476 1
555 496 1
555 499 1
555 501 1
555 535 1
556 75 1
556 282 1
556 417 1
556 464 1
556 510 1
556 547 1
556 567 2
557 416 1
557 510 3
557 537 2
557 542 1
557 551 1
557 566 1
557 567 1
558 403 1
558 425 1
558 428 1
558 462 2
558 478 1
558 492 1
558 500 3
558 510 3
558 522 3
558 556 1
559 20 1
559 268 1
559 476 1
559 504 1
559 542 1
559 549 1
559 594 1
559 599 1
560 30 1
560 102 1
560 150 1
560 189 1
560 403 1
560 470 1
560 479 1
560 482 1
560 509 1
560 591 1
561 30 1
561 363 1
561 409 1
561 419 1
561 447 1
561 470 1
561 529 1
561 567 1
561 595 1
562 445 1
562 460 1
562 487 1
562 488 1
562 530 1
562 593 1
563 46 1
563 186 2
563 266 1
563 420 1
563 425 1
563 432 1
563 443 2
563 448 1
563 539 2
563 548 1
563 570 1
563 595 1
564 87 2
564 421 1
564 461 1
564 496 1
564 512 1
564 523 1
564 567 1
564 569 1
564 592 1
564 596 1
565 252 1
565 467 2
565 476 1
565 483 1
565 488 1
565 494 1
565 533 3
565 535 1
565 545 2
565 579 4
566 34 3
566 413 1
566 429 1
566 441 1
566 451 1
566 454 1
566 457 1
566 506 1
566 515 2
566 523 1
566 557 1
567 106 1
567 141 1
567 269 2
567 315 1
567 403 1
567 407 1
567 429 2
567 502 1
567 544 1
567 545 1
567 546 1
567 556 1
567 559 1
568 415 1
568 473 1
568 547 1
568 553 2
568 593 1
568 598 1
569 53 1
569 55 1
569 451 1
569 478 1
570 429 1
570 446 1
570 486 1
570 487 1
570 530 1
570 560 1
570 593 1
570 598 1
571 431 1
571 446 1
571 458 1
571 466 1
571 467 1
571 473 1
571 493 1
571 503 2
571 533 1
571 553 1
572 159 1
572 324 1
572 424 1
572 488 1
572 575 1
572 576 1
572 598 1
573 302 1
573 401 1
573 409 1
573 416 1
573 442 2
573 469 1
573 486 1
573 506 1
573 511 1
574 5 1
574 104 1
574 262 1
574 342 1
574 405 1
574 420 1
574 424 1
574 429 1
574 482 1
574 491 1
574 511 1
574 516 1
574 528 1
574 538 1
574 545 2
574 575 1
574 577 1
575 272 1
575 362 1
575 497 1
575 508 1
575 515 2
575 527 1
575 528 1
575 595 1
576 290 1
576 307 1
576 366 1
576 408 1
576 544 1
576 571 1
576 572 2
577 375 1
577 563 1
578 254 1
578 499 1
578 504 1
578 543 2
578 560 1
579 210 1
579 408 1
579 409 2
579 412 1
579 416 1
579 455 1
579 467 1
579 548 1
579 560 1
579 565 2
579 593 1
580 324 1
580 434 1
580 497 1
580 514 2
580 581 1
581 255 3
581 300 1
581 438 1
581 463 1
581 478 1
581 493 1
581 497 1
581 559 1
582 109 1
582 464 1
582 488 1
582 496 2
582 507 1
582 516 2
582 524 1
582 566 1
582 583 1
583 404 1
583 436 1
583 538 2
583 547 2
583 588 1
584 154 1
584 194 1
584 334 1
584 381 1
584 420 1
584 426 1
584 473 1
584 482 1
584 495 1
584 502 1
584 536 1
585 454 1
585 468 1
585 484 2
585 569 1
586 164 1
586 168 1
586 265 1
586 432 1
586 439 1
586 441 1
586 505 1
586 515 1
586 543 1
586 552 1
587 404 1
587 496 1
587 507 1
587 543 1
588 5 1
588 414 1
588 426 1
588 441 1
588 479 1
588 514 1
589 435 1
589 440 1
589 467 1
589 471 1
589 472 1
589 504 1
589 507 1
589 536 1
590 402 1
590 466 1
590 546 1
590 560 1
590 593 1
591 428 1
591 452 1
591 459 1
591 461 1
591 465 1
591 508 1
591 543 1
591 560 2
592 348 1
592 420 1
592 451 1
592 462 1
592 464 1
592 475 1
592 485 1
592 508 2
592 544 1
592 549 1
593 21 1
593 50 1
593 234 2
593 308 1
593 347 2
593 383 1
593 405 1
593 412 1
593 431 1
593 496 1
593 514 2
593 516 1
593 562 1
593 568 1
593 584 1
593 590 3
594 313 1
594 355 2
594 446 1
594 468 2
594 474 1
594 534 1
594 537 1
594 561 1
595 417 1
595 419 1
595 428 1
595 437 1
595 472 1
595 473 2
595 474 1
595 485 1
595 512 1
595 515 1
595 523 1
595 526 1
595 530 1
595 539 1
595 541 1
595 554 2
595 561 1
595 563 1
596 410 2
596 440 1
596 457 1
596 490 1
596 564 1
596 578 1
597 435 1
597 449 2
597 507 1
597 514 1
597 556 1
598 423 1
598 424 1
598 429 1
598 459 1
598 500 1
598 512 1
598 520 1
598 551 1
598 566 1
598 572 2
599 124 1
599 133 3
599 263 1
599 418 1
599 429 1
599 475 1
599 486 1
599 495 1
599 508 1
599 528 1
599 545 1
599 559 1
599 569 1
